	14.0	15.0	16.0	17.0	18.0	19.0	20.0	21.0	22.0	23.0	24.0	25.0	26.0	27.0	28.0	29.0	30.0	31.0	32.0	33.0	34.0	35.0	36.0	37.0
BR701_1	1.0	8.0	45.0	129.0	255.0	468.0	938.0	1938.0	3960.0	8656.0	17664.0	35484.0	64698.0	109723.0	170188.0	249378.0	336235.0	444359.0	569295.0	775822.0	1070157.0	2172179.0	19363747.0	3075174.0
	8.0	9.0	10.0	11.0	12.0	13.0	14.0	15.0	16.0	17.0	18.0	19.0	20.0	21.0	22.0	23.0	24.0	25.0	26.0	27.0	28.0	29.0	30.0	31.0	32.0	33.0	34.0	35.0	36.0	37.0
BR701_2	1.0	0.0	3.0	364.0	9531.0	40140.0	47954.0	37000.0	26423.0	21689.0	20975.0	25722.0	37696.0	57650.0	74580.0	83138.0	87130.0	99912.0	116395.0	145973.0	181594.0	233760.0	300323.0	401562.0	535700.0	770929.0	1288801.0	3460469.0	18476180.0	1888907.0
	15.0	16.0	17.0	18.0	19.0	20.0	21.0	22.0	23.0	24.0	25.0	26.0	27.0	28.0	29.0	30.0	31.0	32.0	33.0	34.0	35.0	36.0	37.0
BR702_1	10.0	37.0	74.0	184.0	346.0	639.0	1232.0	2438.0	5211.0	10389.0	21771.0	41768.0	75607.0	123433.0	188423.0	261511.0	353262.0	446522.0	597504.0	860926.0	1722199.0	16413783.0	2788015.0
	8.0	9.0	10.0	11.0	12.0	13.0	14.0	15.0	16.0	17.0	18.0	19.0	20.0	21.0	22.0	23.0	24.0	25.0	26.0	27.0	28.0	29.0	30.0	31.0	32.0	33.0	34.0	35.0	36.0	37.0
BR702_2	1.0	0.0	0.0	151.0	3314.0	13583.0	16823.0	13785.0	10869.0	10048.0	10438.0	13807.0	20965.0	32321.0	42246.0	50382.0	53959.0	60323.0	72086.0	93640.0	123127.0	167901.0	224710.0	308441.0	423426.0	612620.0	1021172.0	2676856.0	16010086.0	1828204.0
	15.0	16.0	17.0	18.0	19.0	20.0	21.0	22.0	23.0	24.0	25.0	26.0	27.0	28.0	29.0	30.0	31.0	32.0	33.0	34.0	35.0	36.0	37.0
BR703_1	11.0	34.0	72.0	203.0	381.0	675.0	1427.0	2819.0	5770.0	11514.0	23902.0	46089.0	84657.0	138459.0	213689.0	299267.0	406184.0	521755.0	709425.0	1044588.0	2115261.0	18802251.0	2893481.0
	7.0	8.0	9.0	10.0	11.0	12.0	13.0	14.0	15.0	16.0	17.0	18.0	19.0	20.0	21.0	22.0	23.0	24.0	25.0	26.0	27.0	28.0	29.0	30.0	31.0	32.0	33.0	34.0	35.0	36.0	37.0
BR703_2	1.0	0.0	3.0	1.0	222.0	5971.0	23062.0	26722.0	20545.0	15159.0	13560.0	14039.0	17766.0	26070.0	39551.0	51904.0	60366.0	68292.0	83238.0	100626.0	130094.0	167019.0	222320.0	293768.0	400862.0	548354.0	803322.0	1384330.0	3660368.0	17669329.0	1475050.0
	14.0	15.0	16.0	17.0	18.0	19.0	20.0	21.0	22.0	23.0	24.0	25.0	26.0	27.0	28.0	29.0	30.0	31.0	32.0	33.0	34.0	35.0	36.0	37.0
BR704_1	1.0	18.0	32.0	104.0	242.0	469.0	1006.0	2004.0	4270.0	9116.0	18080.0	36923.0	68826.0	120414.0	190385.0	283636.0	387038.0	514693.0	646241.0	850561.0	1203290.0	2346012.0	22973670.0	4580747.0
	9.0	10.0	11.0	12.0	13.0	14.0	15.0	16.0	17.0	18.0	19.0	20.0	21.0	22.0	23.0	24.0	25.0	26.0	27.0	28.0	29.0	30.0	31.0	32.0	33.0	34.0	35.0	36.0	37.0
BR704_2	1.0	0.0	471.0	8752.0	41414.0	56560.0	47319.0	35838.0	30693.0	30309.0	37382.0	53899.0	82894.0	104582.0	111113.0	110266.0	120209.0	137129.0	172027.0	214733.0	281225.0	363412.0	484735.0	646108.0	927946.0	1554348.0	4069945.0	22320158.0	2194310.0
	15.0	16.0	17.0	18.0	19.0	20.0	21.0	22.0	23.0	24.0	25.0	26.0	27.0	28.0	29.0	30.0	31.0	32.0	33.0	34.0	35.0	36.0	37.0
BR705_1	10.0	29.0	106.0	167.0	328.0	653.0	1393.0	2809.0	6079.0	13213.0	27560.0	51531.0	90436.0	140788.0	206516.0	279104.0	366951.0	460932.0	619199.0	889822.0	1745321.0	15797595.0	2583264.0
	11.0	12.0	13.0	14.0	15.0	16.0	17.0	18.0	19.0	20.0	21.0	22.0	23.0	24.0	25.0	26.0	27.0	28.0	29.0	30.0	31.0	32.0	33.0	34.0	35.0	36.0	37.0
BR705_2	241.0	6106.0	25934.0	31245.0	24919.0	17822.0	15051.0	14985.0	18942.0	28210.0	42457.0	54203.0	61158.0	65080.0	75825.0	90947.0	115403.0	145131.0	189128.0	244383.0	328819.0	441902.0	634607.0	1036948.0	2755777.0	15193117.0	1625466.0
	14.0	15.0	16.0	17.0	18.0	19.0	20.0	21.0	22.0	23.0	24.0	25.0	26.0	27.0	28.0	29.0	30.0	31.0	32.0	33.0	34.0	35.0	36.0	37.0
BR707_1	1.0	10.0	42.0	100.0	247.0	424.0	760.0	1574.0	3073.0	6534.0	12612.0	25367.0	48499.0	88597.0	145736.0	227533.0	321508.0	439398.0	566127.0	765728.0	1108995.0	2312630.0	21099558.0	3408998.0
	7.0	8.0	9.0	10.0	11.0	12.0	13.0	14.0	15.0	16.0	17.0	18.0	19.0	20.0	21.0	22.0	23.0	24.0	25.0	26.0	27.0	28.0	29.0	30.0	31.0	32.0	33.0	34.0	35.0	36.0	37.0
BR707_2	1.0	0.0	1.0	1.0	287.0	6456.0	24982.0	28174.0	22173.0	16548.0	15143.0	15477.0	19704.0	28370.0	43727.0	56067.0	62157.0	65763.0	75596.0	91469.0	119407.0	157028.0	213577.0	288507.0	405099.0	549618.0	829471.0	1402053.0	3706413.0	20256658.0	2084124.0
	14.0	15.0	16.0	17.0	18.0	19.0	20.0	21.0	22.0	23.0	24.0	25.0	26.0	27.0	28.0	29.0	30.0	31.0	32.0	33.0	34.0	35.0	36.0	37.0
BR708_1	3.0	10.0	29.0	77.0	188.0	345.0	657.0	1371.0	2650.0	5230.0	10159.0	20976.0	40751.0	75949.0	124820.0	192625.0	267060.0	360060.0	458119.0	615540.0	892031.0	1815799.0	16385325.0	2626156.0
	7.0	8.0	9.0	10.0	11.0	12.0	13.0	14.0	15.0	16.0	17.0	18.0	19.0	20.0	21.0	22.0	23.0	24.0	25.0	26.0	27.0	28.0	29.0	30.0	31.0	32.0	33.0	34.0	35.0	36.0	37.0
BR708_2	1.0	1.0	3.0	1.0	304.0	6683.0	28698.0	34672.0	27041.0	19706.0	16776.0	15940.0	19739.0	28413.0	43029.0	54237.0	58799.0	60496.0	68724.0	81609.0	106395.0	138450.0	184677.0	243212.0	332051.0	449670.0	656309.0	1126584.0	3009871.0	15587164.0	1496675.0
	15.0	16.0	17.0	18.0	19.0	20.0	21.0	22.0	23.0	24.0	25.0	26.0	27.0	28.0	29.0	30.0	31.0	32.0	33.0	34.0	35.0	36.0	37.0
BR709_1	14.0	56.0	130.0	255.0	506.0	955.0	2047.0	4088.0	8406.0	16466.0	33566.0	63745.0	115573.0	186646.0	284628.0	394333.0	531565.0	674594.0	903385.0	1302089.0	2687819.0	24928508.0	4021302.0
	8.0	9.0	10.0	11.0	12.0	13.0	14.0	15.0	16.0	17.0	18.0	19.0	20.0	21.0	22.0	23.0	24.0	25.0	26.0	27.0	28.0	29.0	30.0	31.0	32.0	33.0	34.0	35.0	36.0	37.0
BR709_2	1.0	1.0	1.0	436.0	10456.0	41712.0	47982.0	36960.0	27250.0	23651.0	23927.0	29967.0	44481.0	69092.0	86391.0	94651.0	96916.0	108509.0	127813.0	163629.0	211409.0	281574.0	369345.0	496674.0	664807.0	975613.0	1661458.0	4470808.0	23713260.0	2281902.0
	15.0	16.0	17.0	18.0	19.0	20.0	21.0	22.0	23.0	24.0	25.0	26.0	27.0	28.0	29.0	30.0	31.0	32.0	33.0	34.0	35.0	36.0	37.0
BR710_1	9.0	48.0	118.0	217.0	432.0	792.0	1746.0	3475.0	7645.0	15475.0	31559.0	59433.0	107337.0	170901.0	255249.0	349736.0	466082.0	593342.0	809782.0	1134521.0	2396376.0	21076180.0	2923741.0
	7.0	8.0	9.0	10.0	11.0	12.0	13.0	14.0	15.0	16.0	17.0	18.0	19.0	20.0	21.0	22.0	23.0	24.0	25.0	26.0	27.0	28.0	29.0	30.0	31.0	32.0	33.0	34.0	35.0	36.0	37.0
BR710_2	1.0	0.0	1.0	0.0	473.0	10006.0	41113.0	48713.0	38068.0	28366.0	23527.0	23386.0	28919.0	41845.0	63536.0	80680.0	88005.0	90984.0	102567.0	121065.0	154859.0	198264.0	260035.0	336393.0	448909.0	595269.0	878770.0	1511381.0	4086756.0	19438612.0	1663693.0
	14.0	15.0	16.0	17.0	18.0	19.0	20.0	21.0	22.0	23.0	24.0	25.0	26.0	27.0	28.0	29.0	30.0	31.0	32.0	33.0	34.0	35.0	36.0	37.0
BR711_1	3.0	16.0	52.0	109.0	216.0	455.0	1003.0	1872.0	3660.0	7237.0	14707.0	29833.0	54327.0	97316.0	154442.0	235185.0	326485.0	441346.0	563628.0	770746.0	1096216.0	2239970.0	20886896.0	3157663.0
	10.0	11.0	12.0	13.0	14.0	15.0	16.0	17.0	18.0	19.0	20.0	21.0	22.0	23.0	24.0	25.0	26.0	27.0	28.0	29.0	30.0	31.0	32.0	33.0	34.0	35.0	36.0	37.0
BR711_2	2.0	111.0	2254.0	10501.0	14628.0	12443.0	9770.0	9254.0	9519.0	12441.0	18715.0	29841.0	40788.0	50707.0	59911.0	73068.0	89982.0	119006.0	158151.0	214095.0	287079.0	398660.0	540358.0	799179.0	1346010.0	3604919.0	20155801.0	2016190.0
	14.0	15.0	16.0	17.0	18.0	19.0	20.0	21.0	22.0	23.0	24.0	25.0	26.0	27.0	28.0	29.0	30.0	31.0	32.0	33.0	34.0	35.0	36.0	37.0
BR712_1	2.0	8.0	22.0	77.0	235.0	596.0	1431.0	2914.0	5495.0	10458.0	19718.0	38763.0	67464.0	114612.0	174152.0	255662.0	341356.0	448513.0	561715.0	739849.0	1054966.0	2055453.0	18291143.0	2885131.0
	8.0	9.0	10.0	11.0	12.0	13.0	14.0	15.0	16.0	17.0	18.0	19.0	20.0	21.0	22.0	23.0	24.0	25.0	26.0	27.0	28.0	29.0	30.0	31.0	32.0	33.0	34.0	35.0	36.0	37.0
BR712_2	1.0	1.0	1.0	200.0	5796.0	20571.0	22297.0	16709.0	11832.0	9625.0	9279.0	11812.0	18188.0	29330.0	40887.0	49637.0	58092.0	71391.0	89544.0	116828.0	151003.0	202796.0	267085.0	369278.0	519488.0	736024.0	1227644.0	3289272.0	17956745.0	1768379.0
	14.0	15.0	16.0	17.0	18.0	19.0	20.0	21.0	22.0	23.0	24.0	25.0	26.0	27.0	28.0	29.0	30.0	31.0	32.0	33.0	34.0	35.0	36.0	37.0
BR713_1	1.0	14.0	48.0	102.0	205.0	442.0	794.0	1673.0	3523.0	7605.0	15771.0	31631.0	58237.0	100954.0	157678.0	235955.0	322653.0	429801.0	539292.0	720924.0	1030318.0	2077290.0	19667154.0	3360960.0
	4.0	5.0	6.0	7.0	8.0	9.0	10.0	11.0	12.0	13.0	14.0	15.0	16.0	17.0	18.0	19.0	20.0	21.0	22.0	23.0	24.0	25.0	26.0	27.0	28.0	29.0	30.0	31.0	32.0	33.0	34.0	35.0	36.0	37.0
BR713_2	1.0	0.0	0.0	0.0	1.0	0.0	1.0	268.0	6925.0	25902.0	27930.0	20585.0	14950.0	12580.0	12711.0	16460.0	25339.0	40600.0	54664.0	65296.0	74561.0	91238.0	111723.0	145129.0	186172.0	245976.0	316587.0	423606.0	563358.0	811035.0	1356352.0	3683994.0	18666911.0	1762170.0
	14.0	15.0	16.0	17.0	18.0	19.0	20.0	21.0	22.0	23.0	24.0	25.0	26.0	27.0	28.0	29.0	30.0	31.0	32.0	33.0	34.0	35.0	36.0	37.0
BR714_1	2.0	7.0	48.0	112.0	206.0	415.0	830.0	1622.0	3183.0	6694.0	13767.0	28145.0	53625.0	96278.0	152880.0	231581.0	318785.0	433321.0	607985.0	739737.0	1040456.0	2090727.0	19161833.0	3246088.0
	9.0	10.0	11.0	12.0	13.0	14.0	15.0	16.0	17.0	18.0	19.0	20.0	21.0	22.0	23.0	24.0	25.0	26.0	27.0	28.0	29.0	30.0	31.0	32.0	33.0	34.0	35.0	36.0	37.0
BR714_2	1.0	0.0	199.0	4709.0	17744.0	20318.0	15726.0	11759.0	10337.0	10955.0	14522.0	21281.0	33092.0	46269.0	60474.0	75809.0	99675.0	126709.0	165763.0	208535.0	267933.0	339325.0	448828.0	591463.0	850643.0	1439906.0	3918098.0	17994733.0	1433521.0
	14.0	15.0	16.0	17.0	18.0	19.0	20.0	21.0	22.0	23.0	24.0	25.0	26.0	27.0	28.0	29.0	30.0	31.0	32.0	33.0	34.0	35.0	36.0	37.0
BR715_1	3.0	11.0	35.0	103.0	184.0	365.0	730.0	1357.0	2608.0	5306.0	10582.0	22287.0	42477.0	78072.0	127040.0	196279.0	276676.0	375039.0	481546.0	653322.0	945290.0	1881889.0	18080785.0	3116396.0
	11.0	12.0	13.0	14.0	15.0	16.0	17.0	18.0	19.0	20.0	21.0	22.0	23.0	24.0	25.0	26.0	27.0	28.0	29.0	30.0	31.0	32.0	33.0	34.0	35.0	36.0	37.0
BR715_2	89.0	1458.0	6863.0	10116.0	9393.0	8009.0	7921.0	8556.0	11841.0	18179.0	28067.0	38794.0	48340.0	58063.0	72281.0	89152.0	118126.0	156211.0	210033.0	278548.0	381549.0	512980.0	764612.0	1290399.0	3455167.0	17246172.0	1467463.0
	14.0	15.0	16.0	17.0	18.0	19.0	20.0	21.0	22.0	23.0	24.0	25.0	26.0	27.0	28.0	29.0	30.0	31.0	32.0	33.0	34.0	35.0	36.0	37.0
BR716_1	1.0	11.0	39.0	106.0	192.0	389.0	666.0	1436.0	2764.0	5564.0	11169.0	23053.0	44230.0	80338.0	132347.0	206771.0	292058.0	400220.0	518627.0	723299.0	1028944.0	2102629.0	19503858.0	3202392.0
	8.0	9.0	10.0	11.0	12.0	13.0	14.0	15.0	16.0	17.0	18.0	19.0	20.0	21.0	22.0	23.0	24.0	25.0	26.0	27.0	28.0	29.0	30.0	31.0	32.0	33.0	34.0	35.0	36.0	37.0
BR716_2	1.0	0.0	0.0	114.0	1684.0	8708.0	13464.0	12375.0	11062.0	10638.0	11333.0	14549.0	21562.0	34362.0	45557.0	54631.0	60757.0	70266.0	86117.0	114695.0	152807.0	207596.0	277951.0	383384.0	528244.0	780590.0	1344541.0	3524846.0	18812349.0	1696920.0
	14.0	15.0	16.0	17.0	18.0	19.0	20.0	21.0	22.0	23.0	24.0	25.0	26.0	27.0	28.0	29.0	30.0	31.0	32.0	33.0	34.0	35.0	36.0	37.0
BR717_1	1.0	10.0	35.0	88.0	192.0	379.0	711.0	1602.0	3454.0	7296.0	15719.0	32715.0	60220.0	105441.0	166067.0	243952.0	334309.0	441580.0	556438.0	737305.0	1050421.0	2102310.0	19734041.0	3321360.0
	11.0	12.0	13.0	14.0	15.0	16.0	17.0	18.0	19.0	20.0	21.0	22.0	23.0	24.0	25.0	26.0	27.0	28.0	29.0	30.0	31.0	32.0	33.0	34.0	35.0	36.0	37.0
BR717_2	283.0	7273.0	29959.0	36287.0	28461.0	20464.0	17315.0	17030.0	21624.0	31381.0	48714.0	63889.0	75823.0	86449.0	104057.0	126934.0	163623.0	207539.0	268731.0	341815.0	447680.0	585496.0	845345.0	1436863.0	4017731.0	18360481.0	1524399.0
	13.0	14.0	15.0	16.0	17.0	18.0	19.0	20.0	21.0	22.0	23.0	24.0	25.0	26.0	27.0	28.0	29.0	30.0	31.0	32.0	33.0	34.0	35.0	36.0	37.0
BR718_1	1.0	1.0	13.0	34.0	125.0	235.0	545.0	1008.0	2082.0	4116.0	8140.0	15834.0	32569.0	61871.0	111986.0	180816.0	272474.0	377404.0	504810.0	638948.0	848924.0	1210827.0	2441426.0	23744233.0	4363942.0
	7.0	8.0	9.0	10.0	11.0	12.0	13.0	14.0	15.0	16.0	17.0	18.0	19.0	20.0	21.0	22.0	23.0	24.0	25.0	26.0	27.0	28.0	29.0	30.0	31.0	32.0	33.0	34.0	35.0	36.0	37.0
BR718_2	1.0	0.0	1.0	3.0	475.0	9338.0	39511.0	49189.0	41034.0	32048.0	29190.0	29370.0	36455.0	52477.0	78463.0	98217.0	104730.0	102920.0	111915.0	128726.0	162855.0	206450.0	271637.0	353590.0	474294.0	636228.0	912584.0	1516907.0	3997057.0	22977825.0	2368874.0
	14.0	15.0	16.0	17.0	18.0	19.0	20.0	21.0	22.0	23.0	24.0	25.0	26.0	27.0	28.0	29.0	30.0	31.0	32.0	33.0	34.0	35.0	36.0	37.0
BR719_1	1.0	10.0	31.0	88.0	215.0	370.0	719.0	1525.0	3116.0	6880.0	14680.0	30500.0	56474.0	97587.0	152158.0	224744.0	306130.0	405023.0	509353.0	692135.0	968851.0	1879641.0	17523788.0	3158543.0
	7.0	8.0	9.0	10.0	11.0	12.0	13.0	14.0	15.0	16.0	17.0	18.0	19.0	20.0	21.0	22.0	23.0	24.0	25.0	26.0	27.0	28.0	29.0	30.0	31.0	32.0	33.0	34.0	35.0	36.0	37.0
BR719_2	1.0	0.0	1.0	0.0	244.0	5636.0	23669.0	27271.0	20981.0	14883.0	12599.0	12132.0	15616.0	24347.0	37920.0	52294.0	66017.0	79182.0	99614.0	123096.0	159762.0	202484.0	260723.0	332406.0	436467.0	570864.0	821289.0	1401587.0	3818297.0	16167950.0	1245230.0
	14.0	15.0	16.0	17.0	18.0	19.0	20.0	21.0	22.0	23.0	24.0	25.0	26.0	27.0	28.0	29.0	30.0	31.0	32.0	33.0	34.0	35.0	36.0	37.0
BR720_1	2.0	12.0	42.0	139.0	272.0	505.0	896.0	1834.0	3908.0	8646.0	17359.0	35877.0	65106.0	113772.0	178776.0	266700.0	366131.0	489429.0	620101.0	833711.0	1216603.0	2487997.0	22634002.0	3639226.0
	7.0	8.0	9.0	10.0	11.0	12.0	13.0	14.0	15.0	16.0	17.0	18.0	19.0	20.0	21.0	22.0	23.0	24.0	25.0	26.0	27.0	28.0	29.0	30.0	31.0	32.0	33.0	34.0	35.0	36.0	37.0
BR720_2	1.0	0.0	1.0	2.0	254.0	5815.0	22782.0	26099.0	20349.0	15287.0	13372.0	13751.0	17616.0	26413.0	41560.0	55912.0	66548.0	76372.0	91430.0	112876.0	147385.0	190481.0	254472.0	336407.0	462803.0	625484.0	915838.0	1556422.0	4067065.0	21653017.0	2165232.0
	15.0	16.0	17.0	18.0	19.0	20.0	21.0	22.0	23.0	24.0	25.0	26.0	27.0	28.0	29.0	30.0	31.0	32.0	33.0	34.0	35.0	36.0	37.0
BR721_1	12.0	24.0	89.0	201.0	412.0	866.0	1798.0	3944.0	8576.0	17964.0	36381.0	65999.0	112930.0	171907.0	251550.0	335724.0	438658.0	549749.0	734966.0	1050307.0	2180728.0	19251167.0	2786087.0
	11.0	12.0	13.0	14.0	15.0	16.0	17.0	18.0	19.0	20.0	21.0	22.0	23.0	24.0	25.0	26.0	27.0	28.0	29.0	30.0	31.0	32.0	33.0	34.0	35.0	36.0	37.0
BR721_2	443.0	10965.0	42484.0	47695.0	36044.0	24637.0	19718.0	18472.0	22861.0	33723.0	52026.0	68112.0	78822.0	85078.0	99179.0	118669.0	150829.0	188287.0	243691.0	310247.0	409934.0	541576.0	773758.0	1299237.0	3511328.0	18078568.0	1733656.0
	14.0	15.0	16.0	17.0	18.0	19.0	20.0	21.0	22.0	23.0	24.0	25.0	26.0	27.0	28.0	29.0	30.0	31.0	32.0	33.0	34.0	35.0	36.0	37.0
BR722_1	2.0	12.0	46.0	114.0	197.0	411.0	789.0	1567.0	3309.0	7253.0	14934.0	31394.0	57889.0	101252.0	157300.0	233594.0	316291.0	418797.0	526734.0	695384.0	1003248.0	1994917.0	19079187.0	3392950.0
	9.0	10.0	11.0	12.0	13.0	14.0	15.0	16.0	17.0	18.0	19.0	20.0	21.0	22.0	23.0	24.0	25.0	26.0	27.0	28.0	29.0	30.0	31.0	32.0	33.0	34.0	35.0	36.0	37.0
BR722_2	1.0	0.0	335.0	8635.0	30877.0	32968.0	24329.0	17194.0	14443.0	14294.0	18512.0	27860.0	42864.0	56880.0	67394.0	76192.0	92791.0	112840.0	143066.0	179720.0	235406.0	303659.0	406245.0	546113.0	781137.0	1317755.0	3561061.0	18190766.0	1734234.0
	14.0	15.0	16.0	17.0	18.0	19.0	20.0	21.0	22.0	23.0	24.0	25.0	26.0	27.0	28.0	29.0	30.0	31.0	32.0	33.0	34.0	35.0	36.0	37.0
BR723_1	3.0	10.0	42.0	95.0	212.0	411.0	803.0	1648.0	3525.0	7737.0	16581.0	34253.0	63652.0	110825.0	172941.0	258103.0	348454.0	462040.0	583471.0	777378.0	1142778.0	2261654.0	20563892.0	3364147.0
	9.0	10.0	11.0	12.0	13.0	14.0	15.0	16.0	17.0	18.0	19.0	20.0	21.0	22.0	23.0	24.0	25.0	26.0	27.0	28.0	29.0	30.0	31.0	32.0	33.0	34.0	35.0	36.0	37.0
BR723_2	1.0	2.0	196.0	4857.0	17337.0	18851.0	14075.0	10286.0	9306.0	10145.0	13327.0	20038.0	31456.0	44169.0	59021.0	74295.0	97049.0	123131.0	160685.0	204771.0	264515.0	339262.0	456687.0	614821.0	883678.0	1495581.0	4083855.0	19429134.0	1694124.0
	14.0	15.0	16.0	17.0	18.0	19.0	20.0	21.0	22.0	23.0	24.0	25.0	26.0	27.0	28.0	29.0	30.0	31.0	32.0	33.0	34.0	35.0	36.0	37.0
BR724_1	1.0	15.0	52.0	116.0	233.0	398.0	738.0	1604.0	2987.0	6387.0	12870.0	26120.0	49921.0	90569.0	144283.0	220753.0	307202.0	413417.0	528284.0	714319.0	1030208.0	2033012.0	18959203.0	3203417.0
	10.0	11.0	12.0	13.0	14.0	15.0	16.0	17.0	18.0	19.0	20.0	21.0	22.0	23.0	24.0	25.0	26.0	27.0	28.0	29.0	30.0	31.0	32.0	33.0	34.0	35.0	36.0	37.0
BR724_2	2.0	183.0	3762.0	16502.0	21250.0	17231.0	13371.0	11596.0	11962.0	15641.0	23581.0	37236.0	50686.0	62816.0	73363.0	88507.0	108670.0	141240.0	183314.0	243546.0	318938.0	436050.0	578806.0	840172.0	1411315.0	3758646.0	17834844.0	1442879.0
	14.0	15.0	16.0	17.0	18.0	19.0	20.0	21.0	22.0	23.0	24.0	25.0	26.0	27.0	28.0	29.0	30.0	31.0	32.0	33.0	34.0	35.0	36.0	37.0
BR725_1	2.0	7.0	31.0	88.0	159.0	368.0	659.0	1313.0	2723.0	5855.0	12408.0	26263.0	50119.0	89229.0	142264.0	212768.0	289450.0	385511.0	489896.0	684842.0	952961.0	1982148.0	17142387.0	2408306.0
	7.0	8.0	9.0	10.0	11.0	12.0	13.0	14.0	15.0	16.0	17.0	18.0	19.0	20.0	21.0	22.0	23.0	24.0	25.0	26.0	27.0	28.0	29.0	30.0	31.0	32.0	33.0	34.0	35.0	36.0	37.0
BR725_2	1.0	0.0	0.0	1.0	133.0	3262.0	14372.0	17706.0	14647.0	11117.0	10038.0	10243.0	13422.0	20239.0	31434.0	41929.0	51435.0	60869.0	74844.0	91278.0	118949.0	153513.0	203587.0	265251.0	360472.0	487036.0	703907.0	1175670.0	3188577.0	16216946.0	1538879.0
	14.0	15.0	16.0	17.0	18.0	19.0	20.0	21.0	22.0	23.0	24.0	25.0	26.0	27.0	28.0	29.0	30.0	31.0	32.0	33.0	34.0	35.0	36.0	37.0
BR726_1	1.0	10.0	35.0	88.0	174.0	355.0	678.0	1325.0	2696.0	5542.0	11467.0	23776.0	44184.0	77888.0	123671.0	184997.0	255652.0	342159.0	433706.0	577848.0	822029.0	1618702.0	14673876.0	2615066.0
	11.0	12.0	13.0	14.0	15.0	16.0	17.0	18.0	19.0	20.0	21.0	22.0	23.0	24.0	25.0	26.0	27.0	28.0	29.0	30.0	31.0	32.0	33.0	34.0	35.0	36.0	37.0
BR726_2	142.0	4187.0	18454.0	22170.0	17299.0	12237.0	10243.0	10020.0	12350.0	18396.0	28388.0	37411.0	43479.0	49327.0	60201.0	75063.0	99187.0	129862.0	173216.0	230215.0	316781.0	422060.0	624265.0	1020180.0	2616897.0	14325687.0	1438208.0
	14.0	15.0	16.0	17.0	18.0	19.0	20.0	21.0	22.0	23.0	24.0	25.0	26.0	27.0	28.0	29.0	30.0	31.0	32.0	33.0	34.0	35.0	36.0	37.0
BR727_1	1.0	9.0	34.0	91.0	201.0	346.0	717.0	1550.0	3255.0	7259.0	15427.0	32512.0	59255.0	104666.0	162997.0	240450.0	327308.0	434512.0	543512.0	728663.0	1049755.0	2154104.0	18684708.0	2812262.0
	11.0	12.0	13.0	14.0	15.0	16.0	17.0	18.0	19.0	20.0	21.0	22.0	23.0	24.0	25.0	26.0	27.0	28.0	29.0	30.0	31.0	32.0	33.0	34.0	35.0	36.0	37.0
BR727_2	153.0	3485.0	17207.0	23282.0	18906.0	13889.0	11718.0	11655.0	14483.0	21819.0	34521.0	46703.0	57583.0	67377.0	83601.0	102254.0	134363.0	174567.0	232367.0	302907.0	403004.0	537271.0	770766.0	1245650.0	3308771.0	18073909.0	1651383.0
	15.0	16.0	17.0	18.0	19.0	20.0	21.0	22.0	23.0	24.0	25.0	26.0	27.0	28.0	29.0	30.0	31.0	32.0	33.0	34.0	35.0	36.0	37.0
BR729_1	4.0	39.0	76.0	201.0	349.0	594.0	1222.0	2350.0	4891.0	9303.0	19333.0	38694.0	73845.0	124587.0	197405.0	282566.0	388115.0	502604.0	681969.0	982238.0	1943949.0	17565554.0	3013154.0
	11.0	12.0	13.0	14.0	15.0	16.0	17.0	18.0	19.0	20.0	21.0	22.0	23.0	24.0	25.0	26.0	27.0	28.0	29.0	30.0	31.0	32.0	33.0	34.0	35.0	36.0	37.0
BR729_2	140.0	3331.0	16325.0	21207.0	17348.0	13353.0	11566.0	11466.0	14555.0	21260.0	32858.0	41825.0	48254.0	52810.0	59961.0	70230.0	91213.0	121082.0	169095.0	230865.0	324240.0	450946.0	665422.0	1088773.0	2831365.0	17360684.0	2062868.0
	14.0	15.0	16.0	17.0	18.0	19.0	20.0	21.0	22.0	23.0	24.0	25.0	26.0	27.0	28.0	29.0	30.0	31.0	32.0	33.0	34.0	35.0	36.0	37.0
BR730_1	1.0	10.0	32.0	92.0	194.0	359.0	656.0	1377.0	2904.0	6280.0	13106.0	27383.0	50980.0	90688.0	143012.0	216812.0	298173.0	401669.0	511928.0	683913.0	981669.0	1976906.0	17612041.0	2887204.0
	11.0	12.0	13.0	14.0	15.0	16.0	17.0	18.0	19.0	20.0	21.0	22.0	23.0	24.0	25.0	26.0	27.0	28.0	29.0	30.0	31.0	32.0	33.0	34.0	35.0	36.0	37.0
BR730_2	115.0	2535.0	12238.0	16059.0	13042.0	9830.0	8849.0	9081.0	11516.0	17803.0	27566.0	38032.0	45833.0	54401.0	67031.0	82911.0	110180.0	145397.0	197721.0	262089.0	361823.0	488186.0	705336.0	1156767.0	2972529.0	17236332.0	1854187.0
	14.0	15.0	16.0	17.0	18.0	19.0	20.0	21.0	22.0	23.0	24.0	25.0	26.0	27.0	28.0	29.0	30.0	31.0	32.0	33.0	34.0	35.0	36.0	37.0
BR731_1	2.0	11.0	34.0	73.0	171.0	332.0	588.0	1240.0	2422.0	5168.0	10419.0	21835.0	40858.0	73070.0	115314.0	171854.0	235620.0	315512.0	398780.0	536060.0	772247.0	1474926.0	13531944.0	2562928.0
	11.0	12.0	13.0	14.0	15.0	16.0	17.0	18.0	19.0	20.0	21.0	22.0	23.0	24.0	25.0	26.0	27.0	28.0	29.0	30.0	31.0	32.0	33.0	34.0	35.0	36.0	37.0
BR731_2	207.0	5451.0	20996.0	23590.0	17899.0	12802.0	10445.0	10511.0	13427.0	19628.0	29826.0	39552.0	47587.0	55236.0	69425.0	86945.0	114567.0	145390.0	189350.0	245154.0	330339.0	433710.0	617333.0	1029562.0	2692452.0	12850007.0	1160017.0
	14.0	15.0	16.0	17.0	18.0	19.0	20.0	21.0	22.0	23.0	24.0	25.0	26.0	27.0	28.0	29.0	30.0	31.0	32.0	33.0	34.0	35.0	36.0	37.0
BR732_1	1.0	6.0	40.0	75.0	181.0	358.0	633.0	1308.0	2832.0	6035.0	12827.0	26201.0	48895.0	85231.0	133576.0	199505.0	272804.0	363132.0	461936.0	623123.0	881375.0	1736801.0	15805916.0	2719306.0
	11.0	12.0	13.0	14.0	15.0	16.0	17.0	18.0	19.0	20.0	21.0	22.0	23.0	24.0	25.0	26.0	27.0	28.0	29.0	30.0	31.0	32.0	33.0	34.0	35.0	36.0	37.0
BR732_2	132.0	3530.0	16562.0	20911.0	16504.0	11839.0	10289.0	10581.0	13568.0	20513.0	31776.0	42353.0	50989.0	58544.0	71703.0	87778.0	113802.0	146535.0	195437.0	254635.0	341956.0	457785.0	649436.0	1055118.0	2735238.0	15378788.0	1585795.0
	15.0	16.0	17.0	18.0	19.0	20.0	21.0	22.0	23.0	24.0	25.0	26.0	27.0	28.0	29.0	30.0	31.0	32.0	33.0	34.0	35.0	36.0	37.0
BR733_1	6.0	29.0	74.0	170.0	328.0	622.0	1179.0	2526.0	5050.0	9936.0	20626.0	38491.0	69150.0	110746.0	168103.0	232669.0	312155.0	398237.0	541673.0	784126.0	1527314.0	13799819.0	2399719.0
	11.0	12.0	13.0	14.0	15.0	16.0	17.0	18.0	19.0	20.0	21.0	22.0	23.0	24.0	25.0	26.0	27.0	28.0	29.0	30.0	31.0	32.0	33.0	34.0	35.0	36.0	37.0
BR733_2	126.0	2487.0	12863.0	19017.0	17438.0	14090.0	12761.0	12960.0	16351.0	23612.0	36814.0	47406.0	53836.0	56096.0	60512.0	68551.0	86276.0	112425.0	151660.0	202415.0	282287.0	379544.0	555713.0	903395.0	2196021.0	13538395.0	1559697.0
	14.0	15.0	16.0	17.0	18.0	19.0	20.0	21.0	22.0	23.0	24.0	25.0	26.0	27.0	28.0	29.0	30.0	31.0	32.0	33.0	34.0	35.0	36.0	37.0
BR734_1	2.0	13.0	39.0	141.0	301.0	583.0	1140.0	2197.0	4130.0	7885.0	15729.0	31587.0	58089.0	100870.0	159892.0	239106.0	327225.0	434992.0	548643.0	731643.0	1031486.0	2014705.0	18430757.0	3446355.0
	11.0	12.0	13.0	14.0	15.0	16.0	17.0	18.0	19.0	20.0	21.0	22.0	23.0	24.0	25.0	26.0	27.0	28.0	29.0	30.0	31.0	32.0	33.0	34.0	35.0	36.0	37.0
BR734_2	417.0	9681.0	41029.0	49628.0	38369.0	26657.0	21184.0	19857.0	24604.0	36427.0	55952.0	73339.0	86674.0	98434.0	121300.0	147703.0	189925.0	237234.0	304229.0	382567.0	495555.0	637718.0	916514.0	1557363.0	4289192.0	16643097.0	1082861.0
	15.0	16.0	17.0	18.0	19.0	20.0	21.0	22.0	23.0	24.0	25.0	26.0	27.0	28.0	29.0	30.0	31.0	32.0	33.0	34.0	35.0	36.0	37.0
BR735_1	8.0	42.0	101.0	235.0	342.0	704.0	1419.0	2970.0	6006.0	12245.0	24653.0	45521.0	80934.0	127859.0	193117.0	268172.0	359527.0	455252.0	607842.0	864270.0	1682135.0	15927121.0	3067443.0
	11.0	12.0	13.0	14.0	15.0	16.0	17.0	18.0	19.0	20.0	21.0	22.0	23.0	24.0	25.0	26.0	27.0	28.0	29.0	30.0	31.0	32.0	33.0	34.0	35.0	36.0	37.0
BR735_2	192.0	4890.0	22029.0	27814.0	21795.0	15575.0	13204.0	12711.0	15715.0	22876.0	36067.0	47651.0	54600.0	57866.0	66728.0	80016.0	102400.0	133945.0	179095.0	237552.0	322006.0	433246.0	628146.0	1026393.0	2623019.0	15774677.0	1767710.0
	15.0	16.0	17.0	18.0	19.0	20.0	21.0	22.0	23.0	24.0	25.0	26.0	27.0	28.0	29.0	30.0	31.0	32.0	33.0	34.0	35.0	36.0	37.0
BR736_1	6.0	30.0	104.0	174.0	320.0	684.0	1249.0	2609.0	5539.0	11456.0	23893.0	44427.0	79601.0	126032.0	188939.0	258674.0	345294.0	435397.0	581878.0	850444.0	1605915.0	14360763.0	2648226.0
	9.0	10.0	11.0	12.0	13.0	14.0	15.0	16.0	17.0	18.0	19.0	20.0	21.0	22.0	23.0	24.0	25.0	26.0	27.0	28.0	29.0	30.0	31.0	32.0	33.0	34.0	35.0	36.0	37.0
BR736_2	1.0	0.0	124.0	3119.0	13277.0	15993.0	12554.0	9319.0	8108.0	8632.0	10888.0	16027.0	24852.0	33932.0	44253.0	55643.0	73356.0	93839.0	124304.0	158451.0	207499.0	265189.0	351518.0	464901.0	663814.0	1113395.0	2890482.0	13669010.0	1239174.0
	15.0	16.0	17.0	18.0	19.0	20.0	21.0	22.0	23.0	24.0	25.0	26.0	27.0	28.0	29.0	30.0	31.0	32.0	33.0	34.0	35.0	36.0	37.0
BR737_1	10.0	35.0	83.0	167.0	427.0	785.0	1635.0	2998.0	6492.0	12911.0	26486.0	50128.0	88868.0	143966.0	216192.0	297009.0	396405.0	500627.0	663637.0	940923.0	1821345.0	16824443.0	3266943.0
	11.0	12.0	13.0	14.0	15.0	16.0	17.0	18.0	19.0	20.0	21.0	22.0	23.0	24.0	25.0	26.0	27.0	28.0	29.0	30.0	31.0	32.0	33.0	34.0	35.0	36.0	37.0
BR737_2	195.0	3535.0	19561.0	29022.0	24674.0	18738.0	15906.0	15727.0	18517.0	26792.0	40767.0	53389.0	60871.0	65851.0	78018.0	94181.0	120696.0	156030.0	206018.0	269958.0	362608.0	480151.0	682294.0	1098521.0	2777290.0	16681755.0	1861450.0
	14.0	15.0	16.0	17.0	18.0	19.0	20.0	21.0	22.0	23.0	24.0	25.0	26.0	27.0	28.0	29.0	30.0	31.0	32.0	33.0	34.0	35.0	36.0	37.0
BR738_1	2.0	7.0	36.0	97.0	213.0	437.0	929.0	1694.0	3334.0	6870.0	13884.0	27861.0	51878.0	91806.0	148313.0	224234.0	312759.0	422847.0	544015.0	732318.0	1062956.0	2205329.0	18803316.0	2829410.0
	11.0	12.0	13.0	14.0	15.0	16.0	17.0	18.0	19.0	20.0	21.0	22.0	23.0	24.0	25.0	26.0	27.0	28.0	29.0	30.0	31.0	32.0	33.0	34.0	35.0	36.0	37.0
BR738_2	114.0	2402.0	11949.0	17369.0	15323.0	12359.0	11454.0	11738.0	14903.0	22068.0	34377.0	45480.0	53771.0	60577.0	72993.0	89065.0	116981.0	154351.0	211104.0	281520.0	387482.0	524459.0	769472.0	1285328.0	3439753.0	18168893.0	1669260.0
	15.0	16.0	17.0	18.0	19.0	20.0	21.0	22.0	23.0	24.0	25.0	26.0	27.0	28.0	29.0	30.0	31.0	32.0	33.0	34.0	35.0	36.0	37.0
BR739_1	4.0	38.0	78.0	178.0	337.0	683.0	1314.0	2639.0	5412.0	11068.0	22586.0	42187.0	75140.0	118044.0	174338.0	237689.0	315937.0	407961.0	549632.0	752179.0	1506027.0	13308706.0	2130808.0
	11.0	12.0	13.0	14.0	15.0	16.0	17.0	18.0	19.0	20.0	21.0	22.0	23.0	24.0	25.0	26.0	27.0	28.0	29.0	30.0	31.0	32.0	33.0	34.0	35.0	36.0	37.0
BR739_2	212.0	5284.0	23002.0	29255.0	23055.0	16759.0	14046.0	13714.0	16564.0	23878.0	37165.0	48193.0	53624.0	55839.0	63246.0	73590.0	93575.0	119903.0	158358.0	206431.0	278257.0	373002.0	526750.0	849254.0	2151741.0	12913845.0	1494443.0
	15.0	16.0	17.0	18.0	19.0	20.0	21.0	22.0	23.0	24.0	25.0	26.0	27.0	28.0	29.0	30.0	31.0	32.0	33.0	34.0	35.0	36.0	37.0
BR740_1	6.0	33.0	79.0	143.0	293.0	650.0	1174.0	2499.0	5391.0	11106.0	22354.0	40165.0	69441.0	108000.0	163160.0	224797.0	299993.0	382136.0	520585.0	732897.0	1441011.0	13190283.0	2337506.0
	11.0	12.0	13.0	14.0	15.0	16.0	17.0	18.0	19.0	20.0	21.0	22.0	23.0	24.0	25.0	26.0	27.0	28.0	29.0	30.0	31.0	32.0	33.0	34.0	35.0	36.0	37.0
BR740_2	85.0	2715.0	11481.0	13515.0	10144.0	7050.0	5830.0	6062.0	8136.0	12033.0	19483.0	27714.0	36994.0	47622.0	62891.0	79620.0	104665.0	135967.0	178712.0	232167.0	315034.0	410187.0	595182.0	967479.0	2521919.0	12599473.0	1141542.0
	14.0	15.0	16.0	17.0	18.0	19.0	20.0	21.0	22.0	23.0	24.0	25.0	26.0	27.0	28.0	29.0	30.0	31.0	32.0	33.0	34.0	35.0	36.0	37.0
BR741_1	2.0	9.0	24.0	81.0	152.0	337.0	721.0	1489.0	2929.0	6264.0	12996.0	26911.0	49266.0	85303.0	131736.0	191985.0	256972.0	336892.0	426971.0	588352.0	801410.0	1664377.0	13795399.0	1910042.0
	11.0	12.0	13.0	14.0	15.0	16.0	17.0	18.0	19.0	20.0	21.0	22.0	23.0	24.0	25.0	26.0	27.0	28.0	29.0	30.0	31.0	32.0	33.0	34.0	35.0	36.0	37.0
BR741_2	116.0	2495.0	12372.0	16668.0	13433.0	10013.0	8343.0	8375.0	10802.0	15696.0	24695.0	34526.0	42445.0	51500.0	63791.0	76714.0	97510.0	124567.0	165595.0	214470.0	287310.0	382058.0	537533.0	865399.0	2201827.0	13449754.0	1572613.0
	14.0	15.0	16.0	17.0	18.0	19.0	20.0	21.0	22.0	23.0	24.0	25.0	26.0	27.0	28.0	29.0	30.0	31.0	32.0	33.0	34.0	35.0	36.0	37.0
BR742_1	1.0	11.0	30.0	72.0	209.0	483.0	977.0	1856.0	3754.0	7520.0	14591.0	28745.0	51949.0	90008.0	142646.0	214459.0	298182.0	400266.0	508324.0	679304.0	970454.0	1915856.0	17746066.0	3290765.0
	11.0	12.0	13.0	14.0	15.0	16.0	17.0	18.0	19.0	20.0	21.0	22.0	23.0	24.0	25.0	26.0	27.0	28.0	29.0	30.0	31.0	32.0	33.0	34.0	35.0	36.0	37.0
BR742_2	353.0	7739.0	30171.0	34559.0	25397.0	17488.0	14240.0	13950.0	17350.0	25562.0	40955.0	54078.0	63921.0	71131.0	87175.0	106125.0	137914.0	178031.0	235547.0	308609.0	416791.0	551236.0	819852.0	1334317.0	3559988.0	16883003.0	1331046.0
	14.0	15.0	16.0	17.0	18.0	19.0	20.0	21.0	22.0	23.0	24.0	25.0	26.0	27.0	28.0	29.0	30.0	31.0	32.0	33.0	34.0	35.0	36.0	37.0
BR743_1	2.0	10.0	24.0	92.0	225.0	445.0	939.0	1804.0	3657.0	7624.0	15016.0	30521.0	56399.0	98707.0	155030.0	229425.0	310274.0	410337.0	515708.0	680888.0	968853.0	1944442.0	17043310.0	2738622.0
	11.0	12.0	13.0	14.0	15.0	16.0	17.0	18.0	19.0	20.0	21.0	22.0	23.0	24.0	25.0	26.0	27.0	28.0	29.0	30.0	31.0	32.0	33.0	34.0	35.0	36.0	37.0
BR743_2	200.0	5318.0	26213.0	36457.0	30546.0	22262.0	18913.0	18292.0	22356.0	31996.0	49192.0	63551.0	70820.0	75431.0	86897.0	103232.0	132532.0	169064.0	223301.0	287728.0	382362.0	507722.0	723628.0	1167881.0	3086045.0	16353154.0	1517261.0
	14.0	15.0	16.0	17.0	18.0	19.0	20.0	21.0	22.0	23.0	24.0	25.0	26.0	27.0	28.0	29.0	30.0	31.0	32.0	33.0	34.0	35.0	36.0	37.0
BR744_1	1.0	5.0	35.0	113.0	224.0	424.0	832.0	1666.0	3372.0	7222.0	14693.0	29191.0	52306.0	90183.0	140465.0	209436.0	287954.0	383468.0	485486.0	646849.0	922093.0	1802020.0	16793916.0	3186382.0
	7.0	8.0	9.0	10.0	11.0	12.0	13.0	14.0	15.0	16.0	17.0	18.0	19.0	20.0	21.0	22.0	23.0	24.0	25.0	26.0	27.0	28.0	29.0	30.0	31.0	32.0	33.0	34.0	35.0	36.0	37.0
BR744_2	1.0	0.0	0.0	1.0	289.0	8103.0	31178.0	33755.0	25132.0	17565.0	14501.0	14464.0	17874.0	27148.0	42124.0	55327.0	66354.0	75797.0	91915.0	113482.0	146402.0	185413.0	242449.0	312354.0	412007.0	542215.0	791394.0	1337447.0	3594886.0	15680416.0	1178343.0
	14.0	15.0	16.0	17.0	18.0	19.0	20.0	21.0	22.0	23.0	24.0	25.0	26.0	27.0	28.0	29.0	30.0	31.0	32.0	33.0	34.0	35.0	36.0	37.0
BR745_1	2.0	9.0	35.0	99.0	215.0	391.0	810.0	1610.0	3248.0	6260.0	11974.0	23667.0	44170.0	78250.0	124489.0	186324.0	257406.0	343656.0	436885.0	591460.0	822809.0	1587859.0	14504485.0	2789685.0
	11.0	12.0	13.0	14.0	15.0	16.0	17.0	18.0	19.0	20.0	21.0	22.0	23.0	24.0	25.0	26.0	27.0	28.0	29.0	30.0	31.0	32.0	33.0	34.0	35.0	36.0	37.0
BR745_2	272.0	6895.0	27682.0	32679.0	24884.0	18085.0	15174.0	14674.0	18723.0	27048.0	41824.0	52891.0	58791.0	62465.0	72405.0	85972.0	109647.0	140525.0	185230.0	242337.0	325880.0	432192.0	620028.0	1017524.0	2671108.0	14099771.0	1411092.0
	14.0	15.0	16.0	17.0	18.0	19.0	20.0	21.0	22.0	23.0	24.0	25.0	26.0	27.0	28.0	29.0	30.0	31.0	32.0	33.0	34.0	35.0	36.0	37.0
BR746_1	1.0	13.0	28.0	76.0	200.0	352.0	669.0	1404.0	2759.0	5830.0	11635.0	23777.0	43846.0	75935.0	119495.0	177224.0	240889.0	321764.0	404541.0	541890.0	773881.0	1563293.0	13731156.0	2095554.0
	11.0	12.0	13.0	14.0	15.0	16.0	17.0	18.0	19.0	20.0	21.0	22.0	23.0	24.0	25.0	26.0	27.0	28.0	29.0	30.0	31.0	32.0	33.0	34.0	35.0	36.0	37.0
BR746_2	175.0	4250.0	20364.0	26801.0	20689.0	14711.0	11830.0	11055.0	13627.0	19665.0	30799.0	40567.0	46781.0	50416.0	59755.0	72261.0	92599.0	119570.0	159221.0	208033.0	280690.0	378469.0	542911.0	872783.0	2253265.0	13285595.0	1499330.0
	14.0	15.0	16.0	17.0	18.0	19.0	20.0	21.0	22.0	23.0	24.0	25.0	26.0	27.0	28.0	29.0	30.0	31.0	32.0	33.0	34.0	35.0	36.0	37.0
BR747_1	1.0	4.0	16.0	57.0	145.0	293.0	555.0	1053.0	2164.0	4608.0	9142.0	19207.0	37050.0	66698.0	107468.0	162684.0	225114.0	301014.0	378764.0	507290.0	714807.0	1439041.0	12562636.0	1939021.0
	11.0	12.0	13.0	14.0	15.0	16.0	17.0	18.0	19.0	20.0	21.0	22.0	23.0	24.0	25.0	26.0	27.0	28.0	29.0	30.0	31.0	32.0	33.0	34.0	35.0	36.0	37.0
BR747_2	302.0	8896.0	37606.0	43680.0	31678.0	21145.0	16057.0	14556.0	17439.0	25327.0	39223.0	51572.0	58549.0	64961.0	78615.0	95900.0	124659.0	156926.0	203139.0	256498.0	335046.0	434583.0	627886.0	1069924.0	3004582.0	11035724.0	624359.0
	12.0	13.0	14.0	15.0	16.0	17.0	18.0	19.0	20.0	21.0	22.0	23.0	24.0	25.0	26.0	27.0	28.0	29.0	30.0	31.0	32.0	33.0	34.0	35.0	36.0	37.0
BR748_1	1.0	1.0	1.0	10.0	60.0	119.0	270.0	570.0	1051.0	2182.0	4134.0	8545.0	17154.0	33997.0	62604.0	108247.0	170702.0	252275.0	344714.0	457428.0	575324.0	761914.0	1082255.0	2133956.0	19476360.0	3486057.0
	11.0	12.0	13.0	14.0	15.0	16.0	17.0	18.0	19.0	20.0	21.0	22.0	23.0	24.0	25.0	26.0	27.0	28.0	29.0	30.0	31.0	32.0	33.0	34.0	35.0	36.0	37.0
BR748_2	406.0	9696.0	40309.0	47688.0	36199.0	25642.0	21044.0	20565.0	25242.0	36868.0	56655.0	72741.0	81460.0	87499.0	101716.0	119976.0	152024.0	192623.0	250421.0	323126.0	430693.0	564746.0	810889.0	1317147.0	3470304.0	18745032.0	1939220.0
	15.0	16.0	17.0	18.0	19.0	20.0	21.0	22.0	23.0	24.0	25.0	26.0	27.0	28.0	29.0	30.0	31.0	32.0	33.0	34.0	35.0	36.0	37.0
BR749_1	8.0	36.0	118.0	217.0	439.0	845.0	1597.0	3064.0	6386.0	12308.0	25690.0	48544.0	86755.0	138539.0	209995.0	288565.0	386315.0	495600.0	661674.0	913370.0	1807026.0	16196015.0	2878672.0
	11.0	12.0	13.0	14.0	15.0	16.0	17.0	18.0	19.0	20.0	21.0	22.0	23.0	24.0	25.0	26.0	27.0	28.0	29.0	30.0	31.0	32.0	33.0	34.0	35.0	36.0	37.0
BR749_2	178.0	4265.0	19806.0	26326.0	21219.0	15636.0	13279.0	13356.0	16618.0	23864.0	36073.0	48326.0	57029.0	65089.0	79715.0	99014.0	129675.0	167081.0	220475.0	284344.0	376769.0	492564.0	702633.0	1158120.0	3090897.0	15570397.0	1429030.0
	14.0	15.0	16.0	17.0	18.0	19.0	20.0	21.0	22.0	23.0	24.0	25.0	26.0	27.0	28.0	29.0	30.0	31.0	32.0	33.0	34.0	35.0	36.0	37.0
BR750_1	2.0	11.0	28.0	103.0	206.0	370.0	794.0	1586.0	2976.0	5983.0	11607.0	22681.0	42324.0	73596.0	116430.0	174018.0	239760.0	321664.0	406484.0	549055.0	789586.0	1590534.0	13960851.0	2212161.0
	11.0	12.0	13.0	14.0	15.0	16.0	17.0	18.0	19.0	20.0	21.0	22.0	23.0	24.0	25.0	26.0	27.0	28.0	29.0	30.0	31.0	32.0	33.0	34.0	35.0	36.0	37.0
BR750_2	197.0	5125.0	25495.0	34252.0	27912.0	21121.0	17865.0	16988.0	20671.0	29248.0	44766.0	57668.0	62510.0	63403.0	69888.0	80418.0	99694.0	123659.0	162769.0	212931.0	287032.0	383873.0	553529.0	900525.0	2251286.0	13511252.0	1458733.0
	15.0	16.0	17.0	18.0	19.0	20.0	21.0	22.0	23.0	24.0	25.0	26.0	27.0	28.0	29.0	30.0	31.0	32.0	33.0	34.0	35.0	36.0	37.0
BR751_1	8.0	30.0	74.0	161.0	311.0	621.0	1241.0	2514.0	5350.0	10851.0	22692.0	42159.0	73976.0	116770.0	171823.0	234268.0	310207.0	410608.0	535299.0	734947.0	1421941.0	12632654.0	2185439.0
	11.0	12.0	13.0	14.0	15.0	16.0	17.0	18.0	19.0	20.0	21.0	22.0	23.0	24.0	25.0	26.0	27.0	28.0	29.0	30.0	31.0	32.0	33.0	34.0	35.0	36.0	37.0
BR751_2	182.0	4303.0	20536.0	26776.0	20856.0	14967.0	12303.0	11703.0	14634.0	21113.0	32555.0	42066.0	48043.0	51746.0	60427.0	72397.0	92520.0	118201.0	157508.0	206315.0	278136.0	376072.0	527096.0	857523.0	2147339.0	12313151.0	1385476.0
	15.0	16.0	17.0	18.0	19.0	20.0	21.0	22.0	23.0	24.0	25.0	26.0	27.0	28.0	29.0	30.0	31.0	32.0	33.0	34.0	35.0	36.0	37.0
BR752_1	7.0	24.0	59.0	168.0	344.0	704.0	1297.0	2483.0	4673.0	8889.0	17465.0	32686.0	58278.0	94137.0	143006.0	199566.0	268692.0	342530.0	461540.0	660897.0	1295641.0	11966453.0	2167171.0
	11.0	12.0	13.0	14.0	15.0	16.0	17.0	18.0	19.0	20.0	21.0	22.0	23.0	24.0	25.0	26.0	27.0	28.0	29.0	30.0	31.0	32.0	33.0	34.0	35.0	36.0	37.0
BR752_2	107.0	2006.0	9008.0	12111.0	9890.0	7332.0	6499.0	6735.0	8363.0	12133.0	19236.0	26553.0	31958.0	37560.0	47125.0	57791.0	75979.0	100440.0	136137.0	181066.0	248711.0	336714.0	485176.0	795580.0	2059571.0	11810254.0	1202675.0
	14.0	15.0	16.0	17.0	18.0	19.0	20.0	21.0	22.0	23.0	24.0	25.0	26.0	27.0	28.0	29.0	30.0	31.0	32.0	33.0	34.0	35.0	36.0	37.0
BR753_1	1.0	11.0	24.0	81.0	173.0	332.0	704.0	1347.0	2675.0	5943.0	12385.0	25005.0	46996.0	82478.0	130321.0	196289.0	270482.0	360035.0	455589.0	610324.0	879819.0	1750794.0	15687027.0	2635538.0
	11.0	12.0	13.0	14.0	15.0	16.0	17.0	18.0	19.0	20.0	21.0	22.0	23.0	24.0	25.0	26.0	27.0	28.0	29.0	30.0	31.0	32.0	33.0	34.0	35.0	36.0	37.0
BR753_2	165.0	3977.0	15205.0	17411.0	12810.0	9032.0	7564.0	7774.0	9686.0	14592.0	23125.0	32066.0	41096.0	50157.0	64945.0	83849.0	113083.0	147536.0	199810.0	263312.0	358586.0	480821.0	710747.0	1183544.0	3045340.0	14974446.0	1283694.0
	15.0	16.0	17.0	18.0	19.0	20.0	21.0	22.0	23.0	24.0	25.0	26.0	27.0	28.0	29.0	30.0	31.0	32.0	33.0	34.0	35.0	36.0	37.0
BR754_1	15.0	43.0	116.0	249.0	486.0	911.0	1956.0	3815.0	7836.0	15776.0	31613.0	58418.0	101428.0	158326.0	232714.0	315390.0	416742.0	526427.0	706152.0	1011535.0	2114081.0	17695390.0	2509930.0
	11.0	12.0	13.0	14.0	15.0	16.0	17.0	18.0	19.0	20.0	21.0	22.0	23.0	24.0	25.0	26.0	27.0	28.0	29.0	30.0	31.0	32.0	33.0	34.0	35.0	36.0	37.0
BR754_2	336.0	8555.0	41427.0	55318.0	43732.0	31869.0	25888.0	24081.0	28600.0	40546.0	60847.0	76337.0	83566.0	84617.0	93873.0	110007.0	138944.0	173971.0	227417.0	292407.0	388566.0	513408.0	729808.0	1199894.0	3173625.0	16712903.0	1548807.0
	15.0	16.0	17.0	18.0	19.0	20.0	21.0	22.0	23.0	24.0	25.0	26.0	27.0	28.0	29.0	30.0	31.0	32.0	33.0	34.0	35.0	36.0	37.0
BR755_1	13.0	19.0	73.0	171.0	381.0	632.0	1424.0	2811.0	5999.0	12426.0	25403.0	46609.0	80796.0	125415.0	184294.0	248956.0	329790.0	412756.0	548924.0	791122.0	1530359.0	13944178.0	2501330.0
	10.0	11.0	12.0	13.0	14.0	15.0	16.0	17.0	18.0	19.0	20.0	21.0	22.0	23.0	24.0	25.0	26.0	27.0	28.0	29.0	30.0	31.0	32.0	33.0	34.0	35.0	36.0	37.0
BR755_2	1.0	209.0	5375.0	24854.0	31854.0	24854.0	17532.0	14316.0	13731.0	17004.0	24823.0	38725.0	50771.0	57982.0	61826.0	70766.0	81435.0	101448.0	128941.0	169877.0	219580.0	296885.0	394845.0	557064.0	895332.0	2223477.0	13655846.0	1614528.0
	13.0	14.0	15.0	16.0	17.0	18.0	19.0	20.0	21.0	22.0	23.0	24.0	25.0	26.0	27.0	28.0	29.0	30.0	31.0	32.0	33.0	34.0	35.0	36.0	37.0
BR756_1	1.0	0.0	12.0	31.0	96.0	206.0	400.0	791.0	1640.0	3202.0	6810.0	13945.0	28199.0	52918.0	93565.0	148201.0	221464.0	303231.0	401025.0	503804.0	666950.0	945666.0	1889936.0	17358093.0	3064120.0
	11.0	12.0	13.0	14.0	15.0	16.0	17.0	18.0	19.0	20.0	21.0	22.0	23.0	24.0	25.0	26.0	27.0	28.0	29.0	30.0	31.0	32.0	33.0	34.0	35.0	36.0	37.0
BR756_2	327.0	9089.0	34033.0	36732.0	26942.0	18760.0	15374.0	14680.0	18455.0	27074.0	41352.0	53675.0	63553.0	72200.0	88649.0	109118.0	142701.0	183056.0	239731.0	305779.0	402605.0	527683.0	749333.0	1232866.0	3326055.0	16456800.0	1507684.0
	15.0	16.0	17.0	18.0	19.0	20.0	21.0	22.0	23.0	24.0	25.0	26.0	27.0	28.0	29.0	30.0	31.0	32.0	33.0	34.0	35.0	36.0	37.0
BR757_1	7.0	40.0	81.0	156.0	311.0	619.0	1231.0	2592.0	5478.0	11932.0	24545.0	46614.0	83019.0	132548.0	197067.0	269594.0	356719.0	448210.0	595327.0	848985.0	1702959.0	15157791.0	2480302.0
	11.0	12.0	13.0	14.0	15.0	16.0	17.0	18.0	19.0	20.0	21.0	22.0	23.0	24.0	25.0	26.0	27.0	28.0	29.0	30.0	31.0	32.0	33.0	34.0	35.0	36.0	37.0
BR757_2	98.0	2502.0	13194.0	18308.0	15073.0	11330.0	9885.0	9751.0	11769.0	17340.0	26667.0	36285.0	43145.0	47916.0	57960.0	69965.0	93153.0	122233.0	165692.0	219444.0	299016.0	404025.0	584503.0	928376.0	2356478.0	14941555.0	1860464.0
	13.0	14.0	15.0	16.0	17.0	18.0	19.0	20.0	21.0	22.0	23.0	24.0	25.0	26.0	27.0	28.0	29.0	30.0	31.0	32.0	33.0	34.0	35.0	36.0	37.0
BR758_1	1.0	0.0	3.0	31.0	87.0	191.0	347.0	677.0	1384.0	2975.0	6245.0	12602.0	26041.0	47934.0	83958.0	132499.0	198095.0	272401.0	363598.0	459496.0	611703.0	872698.0	1709893.0	15629919.0	2844243.0
	11.0	12.0	13.0	14.0	15.0	16.0	17.0	18.0	19.0	20.0	21.0	22.0	23.0	24.0	25.0	26.0	27.0	28.0	29.0	30.0	31.0	32.0	33.0	34.0	35.0	36.0	37.0
BR758_2	228.0	6651.0	25349.0	27881.0	20287.0	14178.0	11619.0	11269.0	14652.0	22158.0	34971.0	48176.0	61006.0	75456.0	96981.0	121655.0	159160.0	201374.0	259217.0	329540.0	435045.0	559046.0	813123.0	1354108.0	3694460.0	13966500.0	912931.0
	14.0	15.0	16.0	17.0	18.0	19.0	20.0	21.0	22.0	23.0	24.0	25.0	26.0	27.0	28.0	29.0	30.0	31.0	32.0	33.0	34.0	35.0	36.0	37.0
BR759_1	1.0	4.0	19.0	82.0	173.0	313.0	615.0	1313.0	2569.0	5579.0	11339.0	23666.0	44312.0	78531.0	124850.0	184782.0	252235.0	335101.0	431655.0	561128.0	791505.0	1579505.0	14071332.0	2377396.0
	11.0	12.0	13.0	14.0	15.0	16.0	17.0	18.0	19.0	20.0	21.0	22.0	23.0	24.0	25.0	26.0	27.0	28.0	29.0	30.0	31.0	32.0	33.0	34.0	35.0	36.0	37.0
BR759_2	230.0	4585.0	22692.0	32829.0	27679.0	20494.0	17611.0	16607.0	19481.0	27683.0	41933.0	54766.0	59958.0	62178.0	69784.0	82098.0	104727.0	135206.0	177661.0	229639.0	306056.0	405564.0	574661.0	934251.0	2426989.0	13652635.0	1370008.0
	14.0	15.0	16.0	17.0	18.0	19.0	20.0	21.0	22.0	23.0	24.0	25.0	26.0	27.0	28.0	29.0	30.0	31.0	32.0	33.0	34.0	35.0	36.0	37.0
BR760_1	1.0	11.0	42.0	88.0	215.0	362.0	617.0	1226.0	2309.0	4616.0	8990.0	18255.0	34365.0	63370.0	103499.0	161859.0	231406.0	315936.0	409055.0	552355.0	795528.0	1589192.0	14525298.0	2550386.0
	10.0	11.0	12.0	13.0	14.0	15.0	16.0	17.0	18.0	19.0	20.0	21.0	22.0	23.0	24.0	25.0	26.0	27.0	28.0	29.0	30.0	31.0	32.0	33.0	34.0	35.0	36.0	37.0
BR760_2	1.0	179.0	4063.0	17523.0	21117.0	16193.0	11122.0	9386.0	9317.0	11733.0	17492.0	27281.0	36986.0	45856.0	56019.0	71502.0	91011.0	122036.0	158870.0	211445.0	273458.0	361116.0	475715.0	691149.0	1181589.0	3273341.0	13306286.0	867195.0
	15.0	16.0	17.0	18.0	19.0	20.0	21.0	22.0	23.0	24.0	25.0	26.0	27.0	28.0	29.0	30.0	31.0	32.0	33.0	34.0	35.0	36.0	37.0
BR761_1	9.0	27.0	65.0	135.0	262.0	511.0	1061.0	2348.0	5446.0	11889.0	24471.0	44978.0	76089.0	118995.0	177293.0	241811.0	321784.0	405995.0	540551.0	770531.0	1518579.0	13644841.0	2416635.0
	11.0	12.0	13.0	14.0	15.0	16.0	17.0	18.0	19.0	20.0	21.0	22.0	23.0	24.0	25.0	26.0	27.0	28.0	29.0	30.0	31.0	32.0	33.0	34.0	35.0	36.0	37.0
BR761_2	79.0	2179.0	10341.0	12694.0	9467.0	6660.0	5444.0	5398.0	6833.0	10584.0	17461.0	25362.0	33834.0	42319.0	54755.0	70157.0	94724.0	124198.0	167175.0	220945.0	300064.0	404592.0	580543.0	946329.0	2455941.0	13334349.0	1381879.0

