Sample	CDS_Exons	5'UTR_Exons	3'UTR_Exons	Introns	TSS_up_1kb	TSS_up_5kb	TSS_up_10kb	TES_down_1kb	TES_down_5kb	TES_down_10kb	Other_intergenic
BR701	66445046.0	2641526.0	6281158.0	1534561.0	268194.0	426849.0	522146.0	882984.0	1141674.0	1275743.0	2588083.0
BR702	57981265.0	2326310.0	5156144.0	1136054.0	240462.0	361186.0	428456.0	759881.0	962775.0	1063062.0	2066956.0
BR703	65354196.0	2616417.0	5985861.0	1522180.0	265758.0	416557.0	506871.0	837620.0	1094086.0	1221789.0	2515749.0
BR704	81162374.0	3267225.0	6956620.0	1603596.0	330846.0	498060.0	591695.0	1001878.0	1278229.0	1415901.0	2798027.0
BR705	55467031.0	2238579.0	4581817.0	1156654.0	220629.0	346948.0	419805.0	665114.0	873325.0	977700.0	1988259.0
BR707	73266113.0	2832809.0	6611505.0	1594816.0	283094.0	454215.0	556752.0	972705.0	1265151.0	1411692.0	2790410.0
BR708	56030133.0	2314836.0	4766841.0	1322149.0	227391.0	366026.0	448824.0	695591.0	918965.0	1029133.0	2122545.0
BR709	85202519.0	3249773.0	7809662.0	1826603.0	331341.0	537399.0	660794.0	1154060.0	1543434.0	1735567.0	3553132.0
BR710	71909941.0	2849533.0	6114670.0	1673358.0	289831.0	477724.0	593151.0	869167.0	1178671.0	1337047.0	2808600.0
BR711	63388499.0	2041262.0	7950148.0	1795643.0	255749.0	489238.0	652024.0	1354393.0	2013847.0	2318846.0	5611173.0
BR712	42476802.0	1603997.0	3508538.0	2041681.0	235433.0	595881.0	924124.0	1582390.0	3178248.0	3946638.0	14302795.0
BR713	69223996.0	2701187.0	5960995.0	1372683.0	276654.0	424972.0	507642.0	903106.0	1189143.0	1316481.0	2508030.0
BR714	67475220.0	2631542.0	5782569.0	1428232.0	264577.0	415480.0	501636.0	863567.0	1184099.0	1316546.0	2484087.0
BR715	61824466.0	2355149.0	6092542.0	1446341.0	240590.0	393689.0	483990.0	863028.0	1180706.0	1317964.0	2498842.0
BR716	68394089.0	2641146.0	6298365.0	1451260.0	270057.0	426006.0	513954.0	907539.0	1215863.0	1350980.0	2565130.0
BR717	69542754.0	2727109.0	5521220.0	1303141.0	258950.0	415643.0	503136.0	784565.0	1044361.0	1169174.0	2382412.0
BR718	81395296.0	3103334.0	7557443.0	1802541.0	304152.0	503147.0	620579.0	1044776.0	1400171.0	1569870.0	3074722.0
BR719	61320429.0	2249847.0	5339727.0	1327522.0	218825.0	371342.0	462589.0	727217.0	975498.0	1098661.0	2255427.0
BR720	77969058.0	2976123.0	7010642.0	1743743.0	299082.0	496302.0	617756.0	992909.0	1330991.0	1497348.0	3066760.0
BR721	65256160.0	2575409.0	5590429.0	1413073.0	235882.0	392676.0	487957.0	800963.0	1098045.0	1236316.0	2645732.0
BR722	67814517.0	2664773.0	5816994.0	1403359.0	238589.0	389943.0	480667.0	805111.0	1067665.0	1193878.0	2362225.0
BR723	72438597.0	3002288.0	6234831.0	1637082.0	273360.0	448690.0	554295.0	882336.0	1188890.0	1336833.0	2770972.0
BR724	65232586.0	2627232.0	6037785.0	1589866.0	249352.0	424562.0	534343.0	900529.0	1257351.0	1429989.0	3133980.0
BR725	59955042.0	2402697.0	5007499.0	1181958.0	224436.0	356106.0	435136.0	716944.0	942388.0	1051608.0	2136321.0
BR726	52386548.0	1958318.0	4846579.0	1038556.0	189442.0	300949.0	367946.0	699324.0	946618.0	1044511.0	1902141.0
BR727	66263709.0	2620880.0	5696235.0	1379495.0	245270.0	395544.0	483728.0	811479.0	1107185.0	1236282.0	2449663.0
BR729	62827994.0	2548548.0	5092252.0	1258405.0	231820.0	372039.0	455841.0	726588.0	960087.0	1070414.0	2117035.0
BR730	62452246.0	2439486.0	5682783.0	1539286.0	229482.0	388702.0	484126.0	778363.0	1050577.0	1182428.0	2361860.0
BR731	48593142.0	1774392.0	4158720.0	889437.0	160510.0	262754.0	319536.0	568666.0	752353.0	835663.0	1617142.0
BR732	57026873.0	2141843.0	4789468.0	1061988.0	193950.0	316169.0	385759.0	658802.0	865970.0	966402.0	1919673.0
BR733	48331682.0	1885940.0	4265981.0	917200.0	191927.0	298570.0	358597.0	657133.0	836593.0	921415.0	1725625.0
BR734	62308080.0	2264044.0	6419632.0	1406001.0	254617.0	411785.0	508477.0	979239.0	1285447.0	1429146.0	2824550.0
BR735	56055306.0	2392848.0	4747327.0	1261534.0	246173.0	390503.0	478043.0	740816.0	1003916.0	1117236.0	2249347.0
BR736	51513316.0	2165778.0	4019251.0	948943.0	215315.0	333266.0	403115.0	628674.0	823635.0	916248.0	1888224.0
BR737	58754583.0	2368077.0	5345395.0	1234964.0	250033.0	389315.0	473879.0	817992.0	1058945.0	1175266.0	2354161.0
BR738	65352460.0	2597521.0	5643827.0	1305400.0	264382.0	413366.0	504858.0	887083.0	1188717.0	1329606.0	2873123.0
BR739	46615148.0	1904207.0	3850220.0	871948.0	193630.0	293391.0	350045.0	593220.0	783946.0	865296.0	1698095.0
BR740	47069476.0	1973371.0	3873833.0	913414.0	200109.0	301602.0	357692.0	590495.0	778875.0	860347.0	1676312.0
BR741	46475454.0	1890161.0	3594360.0	1023264.0	188290.0	314827.0	401533.0	635743.0	914766.0	1053251.0	2673021.0
BR742	59116684.0	2226891.0	5071285.0	1384055.0	229725.0	410466.0	536874.0	931672.0	1411216.0	1626134.0	4345342.0
BR743	56151370.0	2278595.0	4888262.0	1365799.0	229550.0	392561.0	502975.0	824440.0	1165782.0	1328883.0	3091735.0
BR744	59016553.0	2305249.0	5172473.0	1335363.0	229491.0	374296.0	459081.0	750095.0	989448.0	1106346.0	2196577.0
BR745	50023127.0	1911907.0	4629376.0	1065604.0	199276.0	318881.0	397670.0	780172.0	1065371.0	1189891.0	2475180.0
BR746	47710734.0	1905810.0	4094566.0	1082497.0	194320.0	315021.0	392893.0	626210.0	839684.0	939724.0	1932998.0
BR747	42898765.0	1636558.0	4341851.0	1303200.0	172421.0	309429.0	400197.0	621679.0	860712.0	979401.0	2076193.0
BR748	69004755.0	2766656.0	5681035.0	1506345.0	272948.0	441216.0	543811.0	868806.0	1186782.0	1327780.0	2674368.0
BR749	55732387.0	2263394.0	4937636.0	1420144.0	238425.0	392098.0	490435.0	758066.0	1053641.0	1189240.0	2461986.0
BR750	47750709.0	1911357.0	4327355.0	1163151.0	198294.0	320386.0	395850.0	650288.0	941938.0	1058650.0	2083920.0
BR751	44401644.0	1840260.0	3698973.0	941958.0	186640.0	295685.0	365414.0	566449.0	766317.0	865532.0	1919686.0
BR752	38688324.0	1582139.0	3326018.0	1034024.0	182440.0	311455.0	409356.0	688136.0	1090720.0	1263814.0	3579460.0
BR753	54744617.0	2202820.0	4685435.0	1221242.0	212404.0	352532.0	445594.0	745084.0	1030257.0	1166045.0	2665181.0
BR754	59237896.0	2431081.0	4891803.0	1470417.0	240081.0	406915.0	517279.0	737624.0	1022039.0	1165206.0	2661383.0
BR755	49016722.0	1949295.0	4115061.0	1079204.0	181654.0	303864.0	379862.0	609630.0	815774.0	916310.0	1890160.0
BR756	60609334.0	2362693.0	5320082.0	1385594.0	230349.0	384668.0	476442.0	778226.0	1033345.0	1157943.0	2258057.0
BR757	54122102.0	2223933.0	4269773.0	1080523.0	204113.0	332283.0	407779.0	618952.0	832256.0	934570.0	1891336.0
BR758	55478949.0	2173596.0	4615402.0	1206324.0	209127.0	343428.0	423847.0	655621.0	879209.0	988367.0	1951979.0
BR759	47321829.0	1876315.0	4678475.0	1265520.0	188748.0	324174.0	413940.0	677608.0	923550.0	1039785.0	2001059.0
BR760	50106331.0	2083145.0	4243460.0	1254011.0	200945.0	338037.0	427324.0	627299.0	867828.0	985078.0	2021517.0
BR761	48364284.0	2062637.0	4208605.0	1125133.0	208814.0	333991.0	411204.0	606787.0	807925.0	906130.0	1856607.0
