Sample	-247.5	-242.5	-237.5	-232.5	-227.5	-222.5	-217.5	-212.5	-207.5	-202.5	-197.5	-192.5	-187.5	-182.5	-177.5	-172.5	-167.5	-162.5	-157.5	-152.5	-147.5	-142.5	-137.5	-132.5	-127.5	-122.5	-117.5	-112.5	-107.5	-102.5	-97.5	-92.5	-87.5	-82.5	-77.5	-72.5	-67.5	-62.5	-57.5	-52.5	-47.5	-42.5	-37.5	-32.5	-27.5	-22.5	-17.5	-12.5	-7.5	-2.5	2.5	7.5	12.5	17.5	22.5	27.5	32.5	37.5	42.5	47.5	52.5	57.5	62.5	67.5	72.5	77.5	82.5	87.5	92.5	97.5	102.5	107.5	112.5	117.5	122.5	127.5	132.5	137.5	142.5	147.5	152.5	157.5	162.5	167.5	172.5	177.5	182.5	187.5	192.5	197.5	202.5	207.5	212.5	217.5	222.5	227.5	232.5	237.5	242.5	247.5
BR701	0.0	0.0	0.0	0.0	0.0	0.0	0.0	0.0	0.0	0.0	0.0	0.0	0.0	0.0	0.0	0.0	0.0	0.0	0.0	24236.0	135663.0	133423.0	122305.0	112144.0	100385.0	88283.0	75028.0	59198.0	45421.0	34130.0	24003.0	16457.0	10072.0	6039.0	3095.0	1795.0	1048.0	766.0	514.0	444.0	450.0	382.0	340.0	341.0	299.0	287.0	250.0	230.0	247.0	217.0	214.0	173.0	169.0	160.0	168.0	132.0	142.0	115.0	130.0	111.0	92.0	89.0	76.0	49.0	55.0	73.0	47.0	43.0	31.0	41.0	39.0	30.0	22.0	34.0	20.0	16.0	22.0	18.0	14.0	15.0	15.0	4.0	6.0	11.0	7.0	9.0	6.0	8.0	14.0	5.0	2.0	7.0	1.0	6.0	5.0	1.0	1.0	1.0	0.0	1.0
BR702	0.0	0.0	0.0	0.0	0.0	0.0	0.0	0.0	0.0	0.0	0.0	0.0	0.0	0.0	0.0	0.0	0.0	0.0	0.0	23522.0	133932.0	131612.0	121116.0	111308.0	99695.0	87138.0	75359.0	59676.0	46708.0	35377.0	25044.0	16655.0	10889.0	6245.0	3316.0	1830.0	1123.0	736.0	660.0	644.0	515.0	544.0	466.0	455.0	352.0	383.0	367.0	331.0	299.0	311.0	259.0	254.0	227.0	224.0	167.0	174.0	157.0	157.0	130.0	114.0	108.0	125.0	93.0	90.0	98.0	95.0	83.0	67.0	59.0	68.0	30.0	57.0	35.0	32.0	31.0	34.0	26.0	30.0	24.0	32.0	26.0	16.0	14.0	17.0	15.0	10.0	11.0	13.0	14.0	10.0	9.0	2.0	6.0	11.0	7.0	7.0	2.0	4.0	4.0	2.0
BR703	0.0	0.0	0.0	0.0	0.0	0.0	0.0	0.0	0.0	0.0	0.0	0.0	0.0	0.0	0.0	0.0	0.0	0.0	0.0	24551.0	136502.0	133856.0	122927.0	113033.0	99386.0	87182.0	75092.0	58095.0	44497.0	34247.0	23975.0	16357.0	10002.0	6259.0	3299.0	1896.0	1074.0	862.0	651.0	565.0	470.0	446.0	412.0	370.0	295.0	334.0	246.0	276.0	265.0	231.0	225.0	196.0	161.0	142.0	126.0	117.0	108.0	109.0	90.0	90.0	93.0	63.0	68.0	84.0	69.0	49.0	39.0	47.0	51.0	39.0	31.0	27.0	26.0	26.0	16.0	15.0	18.0	6.0	14.0	12.0	10.0	9.0	21.0	21.0	4.0	4.0	9.0	9.0	8.0	6.0	5.0	1.0	5.0	1.0	3.0	3.0	3.0	3.0	4.0	0.0
BR704	0.0	0.0	0.0	0.0	0.0	0.0	0.0	0.0	0.0	0.0	0.0	0.0	0.0	0.0	0.0	0.0	0.0	0.0	0.0	25329.0	137739.0	133716.0	124239.0	113265.0	100047.0	87369.0	74031.0	57732.0	44575.0	33677.0	23790.0	16060.0	9651.0	5836.0	3145.0	1808.0	915.0	683.0	555.0	525.0	413.0	380.0	312.0	323.0	296.0	268.0	240.0	258.0	215.0	227.0	232.0	186.0	196.0	139.0	150.0	106.0	114.0	121.0	94.0	85.0	80.0	58.0	64.0	71.0	65.0	43.0	37.0	44.0	48.0	26.0	22.0	40.0	20.0	25.0	23.0	32.0	22.0	30.0	23.0	18.0	12.0	15.0	15.0	6.0	9.0	7.0	10.0	4.0	3.0	6.0	9.0	1.0	4.0	1.0	5.0	1.0	1.0	1.0	1.0	4.0
BR705	0.0	0.0	0.0	0.0	0.0	0.0	0.0	0.0	0.0	0.0	0.0	0.0	0.0	0.0	0.0	0.0	0.0	0.0	0.0	23695.0	132337.0	131245.0	121620.0	112169.0	99297.0	88659.0	75333.0	59486.0	45855.0	35267.0	24901.0	17318.0	10737.0	6597.0	3589.0	2026.0	1187.0	874.0	750.0	616.0	483.0	495.0	384.0	374.0	352.0	322.0	307.0	275.0	282.0	254.0	244.0	209.0	174.0	181.0	140.0	175.0	141.0	128.0	134.0	112.0	107.0	96.0	91.0	74.0	74.0	66.0	62.0	50.0	38.0	50.0	50.0	48.0	29.0	28.0	32.0	31.0	28.0	25.0	22.0	25.0	17.0	17.0	14.0	19.0	9.0	12.0	1.0	11.0	8.0	5.0	7.0	5.0	3.0	7.0	1.0	4.0	9.0	5.0	5.0	4.0
BR707	0.0	0.0	0.0	0.0	0.0	0.0	0.0	0.0	0.0	0.0	0.0	0.0	0.0	0.0	0.0	0.0	0.0	0.0	0.0	23648.0	136785.0	135478.0	124044.0	113089.0	100752.0	87311.0	74858.0	58152.0	44622.0	33613.0	23297.0	15693.0	9728.0	5737.0	3107.0	1661.0	928.0	689.0	528.0	462.0	421.0	357.0	327.0	331.0	315.0	297.0	284.0	250.0	259.0	235.0	231.0	219.0	174.0	160.0	149.0	136.0	140.0	129.0	115.0	80.0	59.0	75.0	72.0	84.0	76.0	52.0	58.0	56.0	59.0	51.0	46.0	45.0	30.0	39.0	28.0	20.0	30.0	23.0	21.0	23.0	17.0	11.0	16.0	14.0	22.0	7.0	10.0	14.0	6.0	7.0	4.0	4.0	5.0	9.0	10.0	10.0	1.0	4.0	0.0	3.0
BR708	0.0	0.0	0.0	0.0	0.0	0.0	0.0	0.0	0.0	0.0	0.0	0.0	0.0	0.0	0.0	0.0	0.0	0.0	0.0	23842.0	135289.0	134364.0	123811.0	112872.0	100302.0	87309.0	74989.0	58488.0	44804.0	33644.0	24204.0	16131.0	9959.0	6121.0	3377.0	1912.0	981.0	795.0	578.0	503.0	445.0	471.0	357.0	282.0	317.0	301.0	263.0	221.0	226.0	209.0	212.0	213.0	190.0	164.0	107.0	105.0	125.0	103.0	108.0	92.0	79.0	75.0	62.0	68.0	75.0	58.0	80.0	67.0	52.0	50.0	28.0	34.0	37.0	36.0	31.0	21.0	27.0	31.0	21.0	17.0	20.0	9.0	14.0	15.0	14.0	14.0	16.0	9.0	4.0	5.0	4.0	8.0	9.0	5.0	10.0	4.0	6.0	1.0	3.0	2.0
BR709	0.0	0.0	0.0	0.0	0.0	0.0	0.0	0.0	0.0	0.0	0.0	0.0	0.0	0.0	0.0	0.0	0.0	0.0	0.0	23536.0	133709.0	131957.0	122366.0	111985.0	100134.0	87926.0	75989.0	59292.0	45588.0	34783.0	24081.0	16580.0	10382.0	6197.0	3353.0	1879.0	1042.0	721.0	645.0	510.0	503.0	481.0	407.0	414.0	333.0	325.0	318.0	310.0	279.0	232.0	262.0	244.0	264.0	225.0	232.0	166.0	158.0	161.0	160.0	129.0	119.0	101.0	97.0	106.0	97.0	95.0	83.0	75.0	57.0	59.0	50.0	50.0	41.0	43.0	35.0	46.0	49.0	37.0	47.0	21.0	35.0	30.0	33.0	16.0	21.0	22.0	27.0	11.0	8.0	16.0	14.0	12.0	10.0	7.0	8.0	4.0	9.0	11.0	7.0	9.0
BR710	0.0	0.0	0.0	0.0	0.0	0.0	0.0	0.0	0.0	0.0	0.0	0.0	0.0	0.0	0.0	0.0	0.0	0.0	0.0	21626.0	134033.0	131582.0	123695.0	112264.0	100617.0	88937.0	75494.0	59967.0	45663.0	34696.0	24227.0	16776.0	10010.0	6323.0	3195.0	1839.0	1030.0	703.0	602.0	482.0	515.0	428.0	389.0	355.0	352.0	294.0	270.0	297.0	260.0	227.0	225.0	198.0	212.0	178.0	171.0	124.0	157.0	116.0	132.0	93.0	109.0	98.0	86.0	100.0	75.0	49.0	43.0	56.0	39.0	51.0	55.0	46.0	50.0	32.0	22.0	26.0	17.0	22.0	20.0	17.0	20.0	19.0	13.0	16.0	6.0	9.0	13.0	7.0	2.0	7.0	1.0	10.0	2.0	3.0	6.0	3.0	7.0	3.0	5.0	6.0
BR711	0.0	0.0	0.0	0.0	0.0	0.0	0.0	0.0	0.0	0.0	0.0	0.0	0.0	0.0	0.0	0.0	0.0	0.0	0.0	22508.0	133655.0	131576.0	122082.0	111766.0	99851.0	88466.0	75764.0	60293.0	46168.0	35018.0	25040.0	16661.0	10440.0	6122.0	3479.0	1782.0	1000.0	726.0	617.0	567.0	466.0	502.0	414.0	359.0	391.0	346.0	276.0	277.0	286.0	237.0	252.0	234.0	179.0	163.0	170.0	145.0	160.0	158.0	141.0	116.0	100.0	88.0	101.0	71.0	79.0	64.0	47.0	66.0	40.0	51.0	37.0	29.0	42.0	34.0	27.0	21.0	10.0	26.0	16.0	15.0	21.0	13.0	11.0	17.0	6.0	3.0	3.0	5.0	4.0	6.0	4.0	2.0	1.0	5.0	4.0	7.0	2.0	7.0	2.0	1.0
BR712	0.0	0.0	0.0	0.0	0.0	0.0	0.0	0.0	0.0	0.0	0.0	0.0	0.0	0.0	0.0	0.0	0.0	0.0	0.0	23226.0	136956.0	134683.0	123472.0	113297.0	100030.0	87208.0	73461.0	57834.0	44696.0	33810.0	23808.0	15904.0	10263.0	6234.0	3400.0	1954.0	1124.0	831.0	679.0	543.0	526.0	477.0	382.0	398.0	315.0	327.0	276.0	273.0	280.0	273.0	238.0	180.0	213.0	152.0	190.0	164.0	114.0	140.0	107.0	102.0	94.0	104.0	99.0	77.0	98.0	72.0	44.0	63.0	61.0	61.0	36.0	42.0	40.0	40.0	32.0	37.0	33.0	22.0	21.0	30.0	20.0	10.0	21.0	17.0	21.0	16.0	14.0	11.0	9.0	15.0	7.0	12.0	6.0	7.0	6.0	7.0	4.0	6.0	6.0	3.0
BR713	0.0	0.0	0.0	0.0	0.0	0.0	0.0	0.0	0.0	0.0	0.0	0.0	0.0	0.0	0.0	0.0	0.0	0.0	0.0	23341.0	137219.0	134029.0	124114.0	112392.0	99926.0	87283.0	74862.0	58558.0	45096.0	34351.0	23765.0	16291.0	9785.0	5859.0	3200.0	1604.0	913.0	642.0	528.0	485.0	426.0	404.0	372.0	343.0	274.0	286.0	248.0	270.0	259.0	200.0	163.0	195.0	174.0	137.0	171.0	152.0	114.0	119.0	86.0	120.0	86.0	94.0	86.0	60.0	84.0	67.0	52.0	47.0	53.0	45.0	45.0	57.0	38.0	34.0	16.0	36.0	22.0	21.0	25.0	21.0	15.0	8.0	18.0	10.0	6.0	7.0	2.0	10.0	12.0	9.0	11.0	3.0	3.0	11.0	5.0	0.0	2.0	2.0	6.0	7.0
BR714	0.0	0.0	0.0	0.0	0.0	0.0	0.0	0.0	0.0	0.0	0.0	0.0	0.0	0.0	0.0	0.0	0.0	0.0	0.0	22473.0	125463.0	124542.0	117026.0	108667.0	99336.0	90051.0	78326.0	62761.0	49509.0	37679.0	26956.0	18693.0	12068.0	7139.0	3983.0	2321.0	1294.0	960.0	784.0	714.0	710.0	617.0	610.0	489.0	497.0	476.0	435.0	426.0	400.0	389.0	344.0	306.0	281.0	242.0	276.0	210.0	208.0	171.0	166.0	178.0	161.0	144.0	115.0	99.0	110.0	72.0	90.0	87.0	75.0	64.0	58.0	66.0	54.0	50.0	39.0	47.0	35.0	31.0	20.0	26.0	27.0	26.0	32.0	13.0	17.0	12.0	17.0	9.0	17.0	13.0	13.0	11.0	7.0	7.0	7.0	3.0	7.0	3.0	2.0	4.0
BR715	0.0	0.0	0.0	0.0	0.0	0.0	0.0	0.0	0.0	0.0	0.0	0.0	0.0	0.0	0.0	0.0	0.0	0.0	0.0	22311.0	126222.0	125551.0	117225.0	109402.0	99614.0	89692.0	78198.0	62542.0	49642.0	37632.0	26862.0	18341.0	11750.0	6977.0	3957.0	2001.0	1206.0	855.0	785.0	814.0	625.0	654.0	548.0	488.0	482.0	461.0	379.0	375.0	373.0	346.0	319.0	281.0	270.0	228.0	222.0	210.0	206.0	166.0	158.0	108.0	149.0	108.0	107.0	95.0	72.0	76.0	81.0	70.0	77.0	60.0	50.0	51.0	34.0	24.0	43.0	37.0	25.0	20.0	33.0	19.0	24.0	13.0	16.0	20.0	14.0	16.0	11.0	6.0	8.0	12.0	10.0	13.0	9.0	4.0	8.0	5.0	0.0	4.0	4.0	7.0
BR716	0.0	0.0	0.0	0.0	0.0	0.0	0.0	0.0	0.0	0.0	0.0	0.0	0.0	0.0	0.0	0.0	0.0	0.0	0.0	24246.0	139147.0	136451.0	124975.0	114314.0	100038.0	86638.0	73250.0	57604.0	44073.0	33081.0	22785.0	15363.0	9560.0	5707.0	3099.0	1820.0	1014.0	711.0	571.0	481.0	429.0	409.0	348.0	333.0	266.0	304.0	194.0	189.0	212.0	181.0	214.0	191.0	185.0	153.0	135.0	143.0	97.0	104.0	93.0	62.0	83.0	59.0	75.0	67.0	37.0	40.0	27.0	43.0	23.0	37.0	29.0	24.0	27.0	28.0	17.0	9.0	17.0	25.0	9.0	16.0	6.0	13.0	7.0	9.0	7.0	8.0	3.0	2.0	1.0	5.0	7.0	5.0	1.0	0.0	4.0	4.0	1.0	2.0	0.0	2.0
BR717	0.0	0.0	0.0	0.0	0.0	0.0	0.0	0.0	0.0	0.0	0.0	0.0	0.0	0.0	0.0	0.0	0.0	0.0	0.0	23342.0	134179.0	131932.0	122924.0	113070.0	100380.0	88700.0	75660.0	59587.0	45346.0	34885.0	24106.0	16512.0	10054.0	6024.0	3116.0	1761.0	972.0	727.0	546.0	476.0	408.0	422.0	326.0	323.0	300.0	300.0	259.0	257.0	253.0	244.0	222.0	195.0	174.0	164.0	141.0	118.0	138.0	106.0	107.0	90.0	91.0	91.0	79.0	70.0	63.0	60.0	49.0	43.0	55.0	71.0	42.0	35.0	38.0	23.0	25.0	36.0	11.0	14.0	13.0	16.0	21.0	13.0	16.0	12.0	15.0	13.0	10.0	3.0	9.0	6.0	9.0	9.0	2.0	7.0	2.0	3.0	7.0	1.0	1.0	3.0
BR718	0.0	0.0	0.0	0.0	0.0	0.0	0.0	0.0	0.0	0.0	0.0	0.0	0.0	0.0	0.0	0.0	0.0	0.0	0.0	24605.0	136882.0	134405.0	123716.0	114465.0	99926.0	87955.0	75030.0	59026.0	44217.0	33881.0	23209.0	15565.0	9468.0	5809.0	2974.0	1662.0	941.0	598.0	513.0	432.0	406.0	351.0	262.0	301.0	278.0	254.0	230.0	190.0	183.0	161.0	179.0	115.0	165.0	134.0	122.0	129.0	132.0	101.0	91.0	79.0	73.0	98.0	60.0	40.0	59.0	36.0	41.0	31.0	29.0	17.0	21.0	28.0	24.0	20.0	26.0	22.0	16.0	13.0	10.0	20.0	11.0	12.0	7.0	4.0	7.0	8.0	7.0	1.0	6.0	5.0	1.0	4.0	5.0	8.0	1.0	2.0	3.0	4.0	2.0	1.0
BR719	0.0	0.0	0.0	0.0	0.0	0.0	0.0	0.0	0.0	0.0	0.0	0.0	0.0	0.0	0.0	0.0	0.0	0.0	0.0	23569.0	135907.0	133867.0	123940.0	113770.0	100132.0	88616.0	74349.0	58603.0	44700.0	33842.0	23396.0	16031.0	9841.0	5992.0	3370.0	1850.0	976.0	774.0	584.0	522.0	417.0	383.0	372.0	349.0	280.0	298.0	262.0	260.0	242.0	198.0	197.0	170.0	170.0	134.0	138.0	126.0	110.0	102.0	85.0	82.0	79.0	71.0	72.0	49.0	63.0	70.0	54.0	47.0	37.0	35.0	32.0	27.0	25.0	21.0	24.0	25.0	14.0	21.0	18.0	12.0	7.0	9.0	5.0	11.0	8.0	4.0	3.0	4.0	11.0	7.0	3.0	5.0	7.0	5.0	2.0	3.0	0.0	4.0	1.0	4.0
BR720	0.0	0.0	0.0	0.0	0.0	0.0	0.0	0.0	0.0	0.0	0.0	0.0	0.0	0.0	0.0	0.0	0.0	0.0	0.0	23217.0	134369.0	132097.0	122681.0	113119.0	101003.0	87646.0	74998.0	58689.0	45037.0	34444.0	24456.0	16504.0	10534.0	6115.0	3582.0	2002.0	1230.0	825.0	610.0	543.0	467.0	465.0	400.0	350.0	326.0	305.0	350.0	291.0	267.0	244.0	193.0	226.0	178.0	199.0	145.0	152.0	120.0	127.0	133.0	119.0	97.0	65.0	75.0	90.0	70.0	60.0	58.0	57.0	58.0	49.0	39.0	46.0	39.0	33.0	31.0	21.0	37.0	18.0	24.0	10.0	17.0	21.0	7.0	7.0	19.0	4.0	22.0	10.0	4.0	5.0	0.0	6.0	7.0	12.0	7.0	3.0	1.0	5.0	3.0	5.0
BR721	0.0	0.0	0.0	0.0	0.0	0.0	0.0	0.0	0.0	0.0	0.0	0.0	0.0	0.0	0.0	0.0	0.0	0.0	0.0	23095.0	129024.0	129127.0	120168.0	112089.0	99939.0	88859.0	76697.0	61235.0	47111.0	35764.0	25588.0	17845.0	10905.0	6549.0	3511.0	1853.0	1179.0	734.0	589.0	586.0	506.0	416.0	391.0	437.0	400.0	363.0	339.0	338.0	307.0	318.0	294.0	222.0	212.0	237.0	206.0	204.0	193.0	172.0	143.0	137.0	138.0	144.0	111.0	105.0	101.0	105.0	79.0	67.0	76.0	61.0	66.0	55.0	51.0	39.0	30.0	31.0	30.0	31.0	29.0	20.0	25.0	25.0	29.0	19.0	8.0	19.0	14.0	20.0	6.0	7.0	12.0	8.0	5.0	6.0	5.0	7.0	3.0	5.0	5.0	5.0
BR722	0.0	0.0	0.0	0.0	0.0	0.0	0.0	0.0	0.0	0.0	0.0	0.0	0.0	0.0	0.0	0.0	0.0	0.0	0.0	23898.0	135488.0	132148.0	122580.0	112661.0	100331.0	87766.0	74827.0	58654.0	45134.0	34395.0	24245.0	16668.0	10140.0	6252.0	3417.0	1909.0	1056.0	759.0	637.0	522.0	518.0	474.0	364.0	422.0	341.0	368.0	345.0	247.0	278.0	270.0	226.0	210.0	192.0	197.0	208.0	156.0	131.0	135.0	126.0	98.0	96.0	93.0	96.0	59.0	82.0	60.0	91.0	59.0	67.0	48.0	31.0	35.0	41.0	17.0	17.0	24.0	22.0	15.0	24.0	15.0	16.0	14.0	13.0	8.0	6.0	7.0	12.0	6.0	4.0	4.0	8.0	6.0	3.0	8.0	10.0	1.0	0.0	4.0	2.0	0.0
BR723	0.0	0.0	0.0	0.0	0.0	0.0	0.0	0.0	0.0	0.0	0.0	0.0	0.0	0.0	0.0	0.0	0.0	0.0	0.0	22962.0	133280.0	131016.0	122378.0	111497.0	99999.0	87241.0	76065.0	59726.0	46017.0	35099.0	24648.0	16935.0	10494.0	6664.0	3631.0	2104.0	1174.0	937.0	718.0	601.0	532.0	452.0	441.0	365.0	396.0	377.0	341.0	326.0	278.0	254.0	245.0	237.0	193.0	237.0	165.0	157.0	140.0	82.0	126.0	126.0	111.0	87.0	90.0	101.0	77.0	59.0	60.0	66.0	53.0	53.0	58.0	42.0	41.0	31.0	29.0	24.0	32.0	17.0	24.0	15.0	24.0	15.0	22.0	15.0	10.0	10.0	11.0	5.0	5.0	16.0	6.0	6.0	9.0	2.0	5.0	3.0	2.0	6.0	2.0	2.0
BR724	0.0	0.0	0.0	0.0	0.0	0.0	0.0	0.0	0.0	0.0	0.0	0.0	0.0	0.0	0.0	0.0	0.0	0.0	0.0	23881.0	136184.0	135467.0	124391.0	112798.0	100345.0	87211.0	73968.0	58284.0	44580.0	33616.0	23622.0	15616.0	9987.0	5941.0	3213.0	1744.0	1091.0	810.0	639.0	548.0	463.0	436.0	362.0	391.0	328.0	317.0	286.0	278.0	245.0	254.0	193.0	187.0	199.0	162.0	161.0	150.0	144.0	127.0	120.0	110.0	74.0	95.0	100.0	61.0	68.0	48.0	53.0	62.0	59.0	42.0	36.0	39.0	31.0	27.0	22.0	25.0	23.0	18.0	19.0	19.0	8.0	10.0	9.0	16.0	11.0	21.0	7.0	9.0	12.0	6.0	8.0	7.0	2.0	7.0	1.0	5.0	3.0	1.0	1.0	0.0
BR725	0.0	0.0	0.0	0.0	0.0	0.0	0.0	0.0	0.0	0.0	0.0	0.0	0.0	0.0	0.0	0.0	0.0	0.0	0.0	21861.0	135876.0	133350.0	123192.0	112108.0	99936.0	87718.0	75079.0	59161.0	45533.0	34163.0	24120.0	16641.0	10408.0	6210.0	3416.0	1972.0	1113.0	803.0	581.0	588.0	491.0	449.0	406.0	389.0	337.0	334.0	273.0	286.0	272.0	236.0	209.0	188.0	194.0	172.0	173.0	131.0	114.0	132.0	114.0	103.0	89.0	86.0	75.0	69.0	53.0	75.0	45.0	62.0	52.0	36.0	45.0	27.0	43.0	30.0	19.0	30.0	27.0	18.0	16.0	21.0	7.0	11.0	17.0	12.0	9.0	17.0	11.0	7.0	1.0	8.0	4.0	9.0	7.0	3.0	4.0	6.0	9.0	1.0	2.0	1.0
BR726	0.0	0.0	0.0	0.0	0.0	0.0	0.0	0.0	0.0	0.0	0.0	0.0	0.0	0.0	0.0	0.0	0.0	0.0	0.0	23938.0	134999.0	132009.0	120426.0	108656.0	95508.0	84020.0	72718.0	60606.0	48089.0	37749.0	27320.0	19528.0	12732.0	8498.0	4769.0	2672.0	1310.0	667.0	374.0	282.0	242.0	234.0	191.0	193.0	174.0	187.0	147.0	126.0	136.0	115.0	103.0	90.0	103.0	82.0	84.0	76.0	70.0	50.0	54.0	53.0	53.0	44.0	46.0	51.0	25.0	20.0	30.0	30.0	27.0	21.0	19.0	26.0	20.0	15.0	20.0	10.0	12.0	11.0	9.0	8.0	10.0	9.0	2.0	3.0	6.0	8.0	6.0	5.0	2.0	7.0	5.0	2.0	3.0	1.0	3.0	3.0	0.0	0.0	2.0	1.0
BR727	0.0	0.0	0.0	0.0	0.0	0.0	0.0	0.0	0.0	0.0	0.0	0.0	0.0	0.0	0.0	0.0	0.0	0.0	0.0	22670.0	132338.0	129481.0	118500.0	107293.0	95792.0	85025.0	74462.0	61400.0	48896.0	38690.0	27977.0	20641.0	13543.0	9023.0	5194.0	2910.0	1429.0	783.0	471.0	336.0	234.0	243.0	199.0	184.0	207.0	131.0	160.0	144.0	140.0	101.0	116.0	102.0	97.0	102.0	69.0	76.0	63.0	43.0	69.0	55.0	42.0	48.0	47.0	34.0	37.0	23.0	31.0	22.0	24.0	14.0	15.0	18.0	20.0	10.0	6.0	20.0	14.0	10.0	9.0	12.0	17.0	12.0	6.0	6.0	6.0	3.0	9.0	3.0	14.0	6.0	2.0	3.0	4.0	6.0	1.0	5.0	2.0	0.0	2.0	3.0
BR729	0.0	0.0	0.0	0.0	0.0	0.0	0.0	0.0	0.0	0.0	0.0	0.0	0.0	0.0	0.0	0.0	0.0	0.0	0.0	23061.0	131775.0	127871.0	119553.0	108854.0	95989.0	85045.0	74647.0	61815.0	48535.0	38415.0	28061.0	20279.0	13377.0	9017.0	5035.0	2879.0	1385.0	741.0	488.0	383.0	278.0	219.0	202.0	181.0	139.0	160.0	123.0	101.0	104.0	109.0	117.0	116.0	98.0	74.0	97.0	48.0	51.0	49.0	46.0	49.0	37.0	30.0	34.0	36.0	32.0	21.0	19.0	12.0	18.0	19.0	12.0	7.0	15.0	11.0	8.0	11.0	2.0	7.0	8.0	1.0	4.0	4.0	2.0	6.0	4.0	3.0	3.0	0.0	1.0	0.0	0.0	3.0	2.0	2.0	1.0	0.0	1.0	1.0	1.0	1.0
BR730	0.0	0.0	0.0	0.0	0.0	0.0	0.0	0.0	0.0	0.0	0.0	0.0	0.0	0.0	0.0	0.0	0.0	0.0	0.0	22857.0	134722.0	131859.0	119942.0	108704.0	96208.0	84787.0	73522.0	59924.0	47378.0	37319.0	27293.0	19243.0	13240.0	8547.0	4998.0	2877.0	1480.0	795.0	448.0	360.0	290.0	264.0	252.0	187.0	196.0	180.0	177.0	135.0	166.0	139.0	117.0	119.0	108.0	97.0	85.0	83.0	94.0	67.0	47.0	46.0	37.0	51.0	46.0	50.0	39.0	21.0	25.0	37.0	26.0	24.0	17.0	15.0	19.0	22.0	14.0	12.0	13.0	11.0	14.0	12.0	15.0	12.0	9.0	13.0	2.0	6.0	4.0	3.0	4.0	2.0	1.0	2.0	2.0	8.0	1.0	3.0	0.0	1.0	1.0	2.0
BR731	0.0	0.0	0.0	0.0	0.0	0.0	0.0	0.0	0.0	0.0	0.0	0.0	0.0	0.0	0.0	0.0	0.0	0.0	0.0	23480.0	131416.0	130098.0	119925.0	108610.0	95672.0	84737.0	73564.0	60946.0	47537.0	38273.0	27873.0	20391.0	13531.0	9050.0	5124.0	3100.0	1560.0	966.0	547.0	385.0	332.0	264.0	241.0	192.0	162.0	201.0	137.0	143.0	119.0	122.0	116.0	102.0	76.0	90.0	98.0	74.0	67.0	55.0	51.0	39.0	31.0	49.0	30.0	30.0	25.0	27.0	28.0	22.0	10.0	25.0	30.0	19.0	12.0	8.0	6.0	10.0	9.0	13.0	6.0	5.0	6.0	10.0	3.0	6.0	12.0	4.0	5.0	2.0	2.0	3.0	2.0	0.0	3.0	0.0	0.0	1.0	0.0	2.0	1.0	0.0
BR732	0.0	0.0	0.0	0.0	0.0	0.0	0.0	0.0	0.0	0.0	0.0	0.0	0.0	0.0	0.0	0.0	0.0	0.0	0.0	22088.0	127206.0	126389.0	116449.0	106788.0	96186.0	85376.0	74614.0	62845.0	50628.0	39691.0	29557.0	21399.0	14703.0	9520.0	5636.0	3262.0	1612.0	855.0	450.0	377.0	311.0	262.0	267.0	223.0	233.0	185.0	175.0	164.0	184.0	140.0	147.0	128.0	125.0	122.0	96.0	111.0	96.0	97.0	78.0	92.0	63.0	83.0	76.0	64.0	38.0	67.0	46.0	40.0	42.0	42.0	29.0	38.0	42.0	38.0	19.0	22.0	27.0	19.0	22.0	19.0	19.0	11.0	11.0	17.0	15.0	10.0	10.0	5.0	9.0	4.0	6.0	4.0	11.0	4.0	5.0	3.0	4.0	0.0	7.0	4.0
BR733	0.0	0.0	0.0	0.0	0.0	0.0	0.0	0.0	0.0	0.0	0.0	0.0	0.0	0.0	0.0	0.0	0.0	0.0	0.0	23130.0	126704.0	125428.0	115022.0	106248.0	94338.0	85973.0	75251.0	62945.0	50364.0	40922.0	29802.0	22038.0	14598.0	9935.0	5993.0	3398.0	1633.0	943.0	523.0	431.0	337.0	329.0	238.0	287.0	222.0	240.0	202.0	178.0	198.0	182.0	154.0	133.0	123.0	122.0	129.0	111.0	93.0	102.0	79.0	66.0	75.0	58.0	52.0	53.0	42.0	39.0	41.0	40.0	25.0	28.0	31.0	18.0	21.0	22.0	24.0	13.0	20.0	17.0	11.0	13.0	7.0	20.0	3.0	10.0	5.0	6.0	2.0	9.0	5.0	6.0	5.0	4.0	9.0	3.0	4.0	2.0	5.0	1.0	0.0	3.0
BR734	0.0	0.0	0.0	0.0	0.0	0.0	0.0	0.0	0.0	0.0	0.0	0.0	0.0	0.0	0.0	0.0	0.0	0.0	0.0	23108.0	131078.0	131070.0	119271.0	107319.0	95941.0	86258.0	74299.0	61480.0	49246.0	38820.0	27230.0	19972.0	13076.0	8745.0	5087.0	2719.0	1441.0	696.0	373.0	276.0	203.0	175.0	169.0	174.0	134.0	121.0	102.0	118.0	106.0	104.0	98.0	74.0	76.0	96.0	56.0	55.0	63.0	40.0	50.0	28.0	38.0	27.0	25.0	23.0	22.0	22.0	10.0	20.0	14.0	25.0	4.0	16.0	11.0	11.0	12.0	2.0	9.0	7.0	12.0	10.0	9.0	7.0	3.0	5.0	5.0	1.0	1.0	3.0	3.0	0.0	2.0	0.0	2.0	1.0	0.0	0.0	4.0	4.0	3.0	0.0
BR735	0.0	0.0	0.0	0.0	0.0	0.0	0.0	0.0	0.0	0.0	0.0	0.0	0.0	0.0	0.0	0.0	0.0	0.0	0.0	23172.0	130370.0	128829.0	117523.0	107275.0	96078.0	85523.0	74820.0	61526.0	49440.0	39126.0	28295.0	20616.0	13711.0	8942.0	5275.0	2917.0	1440.0	785.0	415.0	338.0	261.0	262.0	241.0	213.0	201.0	192.0	146.0	174.0	164.0	165.0	146.0	146.0	104.0	104.0	95.0	98.0	63.0	71.0	57.0	36.0	70.0	40.0	45.0	40.0	22.0	33.0	29.0	32.0	12.0	22.0	17.0	23.0	22.0	13.0	10.0	17.0	8.0	4.0	7.0	14.0	5.0	5.0	5.0	8.0	5.0	4.0	12.0	1.0	2.0	6.0	3.0	3.0	1.0	2.0	0.0	2.0	4.0	0.0	1.0	0.0
BR736	0.0	0.0	0.0	0.0	0.0	0.0	0.0	0.0	0.0	0.0	0.0	0.0	0.0	0.0	0.0	0.0	0.0	0.0	0.0	22517.0	126936.0	126493.0	116178.0	106459.0	95107.0	85227.0	75509.0	61836.0	50716.0	39360.0	29536.0	21657.0	14958.0	9904.0	6006.0	3414.0	1785.0	1029.0	606.0	442.0	387.0	311.0	302.0	255.0	232.0	244.0	216.0	192.0	153.0	162.0	158.0	110.0	147.0	126.0	100.0	96.0	109.0	91.0	91.0	74.0	66.0	65.0	49.0	43.0	36.0	39.0	30.0	41.0	26.0	20.0	29.0	26.0	29.0	17.0	19.0	13.0	23.0	8.0	10.0	6.0	15.0	6.0	7.0	5.0	11.0	4.0	2.0	4.0	5.0	6.0	5.0	3.0	1.0	3.0	2.0	0.0	2.0	2.0	1.0	1.0
BR737	0.0	0.0	0.0	0.0	0.0	0.0	0.0	0.0	0.0	0.0	0.0	0.0	0.0	0.0	0.0	0.0	0.0	0.0	0.0	23525.0	131984.0	128679.0	119159.0	107126.0	95042.0	86498.0	74519.0	61591.0	48950.0	38739.0	27724.0	20364.0	13466.0	8880.0	5173.0	2936.0	1465.0	676.0	412.0	303.0	251.0	202.0	182.0	171.0	162.0	156.0	145.0	141.0	105.0	111.0	121.0	88.0	59.0	96.0	77.0	53.0	57.0	56.0	39.0	37.0	50.0	45.0	44.0	20.0	36.0	22.0	18.0	20.0	23.0	17.0	16.0	16.0	11.0	18.0	7.0	8.0	7.0	4.0	4.0	2.0	1.0	2.0	8.0	1.0	4.0	4.0	2.0	1.0	1.0	3.0	3.0	3.0	1.0	3.0	2.0	2.0	0.0	0.0	1.0	0.0
BR738	0.0	0.0	0.0	0.0	0.0	0.0	0.0	0.0	0.0	0.0	0.0	0.0	0.0	0.0	0.0	0.0	0.0	0.0	0.0	23097.0	129097.0	127403.0	116390.0	106888.0	95276.0	85178.0	75713.0	62339.0	50153.0	39279.0	28759.0	21329.0	14151.0	9549.0	5436.0	3072.0	1483.0	752.0	475.0	331.0	290.0	240.0	221.0	224.0	239.0	208.0	179.0	186.0	143.0	182.0	134.0	138.0	123.0	121.0	105.0	92.0	94.0	75.0	63.0	73.0	48.0	46.0	59.0	34.0	57.0	38.0	39.0	17.0	23.0	31.0	24.0	32.0	19.0	9.0	20.0	14.0	18.0	5.0	15.0	10.0	10.0	8.0	2.0	15.0	7.0	6.0	3.0	3.0	3.0	3.0	3.0	4.0	8.0	5.0	1.0	2.0	0.0	0.0	1.0	2.0
BR739	0.0	0.0	0.0	0.0	0.0	0.0	0.0	0.0	0.0	0.0	0.0	0.0	0.0	0.0	0.0	0.0	0.0	0.0	0.0	23563.0	130900.0	128530.0	117915.0	108041.0	95371.0	84972.0	73256.0	61656.0	49133.0	38990.0	28071.0	20734.0	13907.0	9364.0	5278.0	3231.0	1620.0	877.0	549.0	392.0	321.0	278.0	227.0	227.0	184.0	214.0	154.0	148.0	167.0	119.0	162.0	125.0	98.0	82.0	104.0	75.0	87.0	86.0	72.0	50.0	61.0	42.0	39.0	46.0	50.0	31.0	33.0	38.0	24.0	22.0	14.0	15.0	5.0	18.0	18.0	11.0	12.0	7.0	9.0	3.0	14.0	11.0	15.0	5.0	13.0	9.0	3.0	5.0	4.0	5.0	3.0	5.0	5.0	1.0	3.0	1.0	2.0	4.0	0.0	3.0
BR740	0.0	0.0	0.0	0.0	0.0	0.0	0.0	0.0	0.0	0.0	0.0	0.0	0.0	0.0	0.0	0.0	0.0	0.0	0.0	21532.0	126774.0	123700.0	114519.0	106163.0	94916.0	85579.0	76280.0	63114.0	51407.0	40848.0	30011.0	22323.0	14971.0	9883.0	5981.0	3298.0	1690.0	909.0	595.0	451.0	351.0	325.0	280.0	257.0	260.0	277.0	275.0	230.0	197.0	180.0	179.0	173.0	159.0	170.0	143.0	117.0	121.0	98.0	99.0	89.0	76.0	62.0	77.0	69.0	58.0	46.0	43.0	50.0	46.0	47.0	31.0	30.0	29.0	24.0	34.0	26.0	29.0	29.0	28.0	19.0	12.0	11.0	16.0	5.0	15.0	6.0	5.0	8.0	9.0	9.0	5.0	6.0	7.0	3.0	2.0	3.0	3.0	3.0	1.0	3.0
BR741	0.0	0.0	0.0	0.0	0.0	0.0	0.0	0.0	0.0	0.0	0.0	0.0	0.0	0.0	0.0	0.0	0.0	0.0	0.0	20665.0	120562.0	122267.0	112845.0	106062.0	95537.0	87299.0	77300.0	65337.0	53186.0	42280.0	31175.0	22852.0	15434.0	10277.0	6035.0	3376.0	1752.0	900.0	574.0	407.0	360.0	302.0	279.0	222.0	240.0	206.0	190.0	168.0	187.0	145.0	142.0	118.0	117.0	100.0	103.0	100.0	87.0	71.0	49.0	57.0	43.0	46.0	47.0	53.0	21.0	26.0	22.0	36.0	25.0	41.0	26.0	16.0	13.0	19.0	15.0	13.0	8.0	5.0	10.0	14.0	2.0	8.0	5.0	4.0	12.0	3.0	8.0	2.0	2.0	3.0	3.0	6.0	2.0	0.0	2.0	1.0	0.0	0.0	0.0	2.0
BR742	0.0	0.0	0.0	0.0	0.0	0.0	0.0	0.0	0.0	0.0	0.0	0.0	0.0	0.0	0.0	0.0	0.0	0.0	0.0	23687.0	131138.0	129926.0	118324.0	107578.0	95539.0	85886.0	74277.0	61400.0	48106.0	38588.0	28163.0	20698.0	13302.0	9004.0	5015.0	2862.0	1465.0	795.0	452.0	347.0	264.0	225.0	227.0	216.0	178.0	180.0	164.0	150.0	157.0	137.0	129.0	94.0	98.0	123.0	81.0	76.0	116.0	69.0	65.0	68.0	48.0	42.0	37.0	37.0	23.0	41.0	26.0	39.0	23.0	25.0	20.0	15.0	15.0	17.0	23.0	9.0	7.0	12.0	4.0	10.0	10.0	5.0	5.0	13.0	7.0	5.0	5.0	4.0	7.0	5.0	2.0	5.0	1.0	2.0	2.0	4.0	2.0	0.0	0.0	1.0
BR743	0.0	0.0	0.0	0.0	0.0	0.0	0.0	0.0	0.0	0.0	0.0	0.0	0.0	0.0	0.0	0.0	0.0	0.0	0.0	23742.0	130453.0	129694.0	120006.0	108731.0	95166.0	86204.0	74221.0	61169.0	48213.0	38027.0	27481.0	20624.0	13533.0	8794.0	5135.0	2948.0	1425.0	785.0	461.0	348.0	293.0	241.0	193.0	163.0	187.0	165.0	138.0	140.0	103.0	103.0	105.0	72.0	83.0	90.0	55.0	57.0	56.0	49.0	57.0	26.0	43.0	32.0	26.0	23.0	18.0	28.0	20.0	20.0	16.0	14.0	13.0	13.0	17.0	7.0	7.0	5.0	4.0	5.0	11.0	11.0	8.0	7.0	3.0	3.0	7.0	2.0	0.0	3.0	5.0	2.0	3.0	1.0	2.0	4.0	3.0	0.0	2.0	1.0	0.0	0.0
BR744	0.0	0.0	0.0	0.0	0.0	0.0	0.0	0.0	0.0	0.0	0.0	0.0	0.0	0.0	0.0	0.0	0.0	0.0	0.0	24274.0	134071.0	132661.0	122129.0	109998.0	95320.0	85354.0	73471.0	59979.0	46652.0	37281.0	25854.0	19198.0	12530.0	8291.0	4821.0	2779.0	1272.0	693.0	391.0	314.0	220.0	215.0	185.0	193.0	149.0	136.0	124.0	113.0	110.0	112.0	79.0	83.0	93.0	85.0	54.0	61.0	46.0	63.0	45.0	40.0	26.0	32.0	23.0	26.0	24.0	33.0	26.0	22.0	26.0	16.0	17.0	14.0	16.0	14.0	10.0	12.0	10.0	4.0	3.0	3.0	7.0	4.0	6.0	3.0	2.0	5.0	2.0	3.0	0.0	5.0	4.0	0.0	0.0	3.0	2.0	3.0	0.0	0.0	0.0	1.0
BR745	0.0	0.0	0.0	0.0	0.0	0.0	0.0	0.0	0.0	0.0	0.0	0.0	0.0	0.0	0.0	0.0	0.0	0.0	0.0	23588.0	129197.0	128641.0	118512.0	108039.0	95746.0	86084.0	74544.0	62521.0	48857.0	38868.0	28121.0	20542.0	13702.0	8911.0	5163.0	2957.0	1424.0	760.0	429.0	342.0	249.0	198.0	186.0	207.0	156.0	179.0	138.0	144.0	124.0	98.0	131.0	106.0	98.0	75.0	88.0	71.0	64.0	81.0	62.0	50.0	52.0	27.0	41.0	41.0	22.0	25.0	15.0	15.0	33.0	16.0	15.0	13.0	22.0	16.0	9.0	2.0	11.0	9.0	9.0	9.0	4.0	8.0	8.0	3.0	5.0	4.0	2.0	1.0	4.0	5.0	2.0	1.0	5.0	1.0	0.0	6.0	2.0	2.0	2.0	1.0
BR746	0.0	0.0	0.0	0.0	0.0	0.0	0.0	0.0	0.0	0.0	0.0	0.0	0.0	0.0	0.0	0.0	0.0	0.0	0.0	23172.0	128556.0	128298.0	118001.0	107513.0	95438.0	86241.0	74599.0	61645.0	49416.0	39102.0	28384.0	20748.0	14156.0	9355.0	5426.0	3052.0	1515.0	845.0	447.0	346.0	275.0	275.0	235.0	220.0	201.0	210.0	172.0	150.0	145.0	148.0	147.0	136.0	101.0	88.0	80.0	88.0	79.0	84.0	75.0	48.0	63.0	40.0	47.0	61.0	44.0	42.0	45.0	40.0	20.0	23.0	32.0	25.0	16.0	13.0	18.0	12.0	17.0	8.0	14.0	10.0	10.0	16.0	5.0	11.0	13.0	3.0	8.0	5.0	7.0	4.0	2.0	10.0	6.0	1.0	6.0	2.0	2.0	5.0	4.0	2.0
BR747	0.0	0.0	0.0	0.0	0.0	0.0	0.0	0.0	0.0	0.0	0.0	0.0	0.0	0.0	0.0	0.0	0.0	0.0	0.0	24637.0	140650.0	136893.0	126231.0	111033.0	98275.0	84342.0	71644.0	58533.0	44263.0	34762.0	24119.0	17597.0	10811.0	7082.0	3795.0	1980.0	935.0	504.0	243.0	224.0	172.0	135.0	123.0	111.0	114.0	83.0	65.0	81.0	75.0	56.0	55.0	47.0	33.0	28.0	19.0	11.0	25.0	12.0	18.0	9.0	19.0	8.0	13.0	6.0	3.0	3.0	7.0	9.0	4.0	6.0	1.0	3.0	1.0	0.0	2.0	4.0	1.0	1.0	1.0	0.0	1.0	3.0	1.0	1.0	0.0	0.0	0.0	0.0	0.0	0.0	0.0	0.0	0.0	0.0	0.0	0.0	0.0	0.0	1.0	0.0
BR748	0.0	0.0	0.0	0.0	0.0	0.0	0.0	0.0	0.0	0.0	0.0	0.0	0.0	0.0	0.0	0.0	0.0	0.0	0.0	23241.0	130471.0	126066.0	118729.0	109093.0	95451.0	87078.0	74606.0	62658.0	48966.0	39034.0	28373.0	20746.0	13698.0	8800.0	5113.0	2883.0	1276.0	655.0	395.0	314.0	212.0	213.0	165.0	133.0	153.0	139.0	126.0	115.0	108.0	108.0	92.0	60.0	78.0	63.0	65.0	40.0	47.0	30.0	34.0	29.0	28.0	16.0	22.0	25.0	19.0	15.0	19.0	13.0	12.0	10.0	10.0	11.0	5.0	10.0	5.0	3.0	4.0	10.0	4.0	2.0	6.0	7.0	3.0	0.0	1.0	2.0	2.0	1.0	0.0	0.0	3.0	2.0	1.0	0.0	0.0	0.0	0.0	1.0	0.0	0.0
BR749	0.0	0.0	0.0	0.0	0.0	0.0	0.0	0.0	0.0	0.0	0.0	0.0	0.0	0.0	0.0	0.0	0.0	0.0	0.0	23139.0	129486.0	126862.0	117832.0	107086.0	95450.0	87034.0	74958.0	62826.0	49507.0	39325.0	28601.0	20962.0	13830.0	9157.0	5201.0	3011.0	1409.0	717.0	422.0	281.0	211.0	219.0	171.0	179.0	182.0	161.0	154.0	150.0	139.0	137.0	100.0	103.0	88.0	81.0	49.0	60.0	79.0	64.0	65.0	48.0	41.0	26.0	26.0	28.0	23.0	21.0	15.0	32.0	22.0	20.0	19.0	13.0	7.0	9.0	12.0	13.0	13.0	1.0	9.0	12.0	5.0	1.0	4.0	2.0	7.0	7.0	3.0	1.0	2.0	0.0	2.0	3.0	0.0	0.0	3.0	0.0	1.0	0.0	4.0	0.0
BR750	0.0	0.0	0.0	0.0	0.0	0.0	0.0	0.0	0.0	0.0	0.0	0.0	0.0	0.0	0.0	0.0	0.0	0.0	0.0	22557.0	123365.0	122569.0	114030.0	105160.0	95098.0	86875.0	76072.0	64818.0	52159.0	42160.0	30527.0	23038.0	15384.0	10114.0	5829.0	3312.0	1706.0	879.0	448.0	366.0	308.0	287.0	281.0	245.0	204.0	201.0	193.0	174.0	163.0	136.0	156.0	128.0	90.0	114.0	96.0	77.0	70.0	46.0	60.0	56.0	38.0	37.0	37.0	31.0	31.0	18.0	21.0	25.0	19.0	14.0	18.0	11.0	14.0	12.0	9.0	7.0	6.0	5.0	8.0	7.0	3.0	5.0	7.0	4.0	2.0	1.0	3.0	2.0	1.0	1.0	2.0	1.0	2.0	1.0	2.0	2.0	0.0	0.0	1.0	0.0
BR751	0.0	0.0	0.0	0.0	0.0	0.0	0.0	0.0	0.0	0.0	0.0	0.0	0.0	0.0	0.0	0.0	0.0	0.0	0.0	23911.0	128758.0	128378.0	117124.0	107007.0	95033.0	85596.0	75156.0	61703.0	49007.0	39042.0	28616.0	20845.0	14122.0	9282.0	5553.0	3220.0	1740.0	944.0	607.0	458.0	349.0	237.0	278.0	269.0	209.0	173.0	211.0	156.0	127.0	165.0	136.0	119.0	116.0	116.0	105.0	78.0	86.0	68.0	67.0	63.0	53.0	49.0	62.0	31.0	35.0	29.0	48.0	25.0	24.0	27.0	19.0	17.0	21.0	16.0	19.0	12.0	14.0	13.0	17.0	19.0	14.0	15.0	10.0	9.0	6.0	8.0	5.0	5.0	5.0	5.0	1.0	5.0	4.0	3.0	4.0	4.0	2.0	4.0	1.0	0.0
BR752	0.0	0.0	0.0	0.0	0.0	0.0	0.0	0.0	0.0	0.0	0.0	0.0	0.0	0.0	0.0	0.0	0.0	0.0	0.0	22398.0	122545.0	122653.0	113955.0	104772.0	94219.0	86426.0	76200.0	63942.0	52171.0	41658.0	30912.0	22704.0	15373.0	10312.0	6102.0	3492.0	1811.0	1028.0	622.0	517.0	373.0	422.0	374.0	352.0	314.0	281.0	255.0	249.0	215.0	262.0	227.0	226.0	177.0	199.0	185.0	120.0	128.0	139.0	130.0	90.0	163.0	72.0	87.0	68.0	65.0	76.0	53.0	54.0	72.0	41.0	42.0	59.0	45.0	48.0	24.0	41.0	28.0	38.0	29.0	17.0	38.0	11.0	22.0	9.0	10.0	18.0	13.0	15.0	16.0	4.0	11.0	11.0	11.0	5.0	6.0	6.0	2.0	2.0	2.0	6.0
BR753	0.0	0.0	0.0	0.0	0.0	0.0	0.0	0.0	0.0	0.0	0.0	0.0	0.0	0.0	0.0	0.0	0.0	0.0	0.0	22821.0	128540.0	127998.0	116934.0	107860.0	95489.0	85306.0	74955.0	61234.0	49301.0	39102.0	28761.0	21162.0	14085.0	9542.0	5737.0	3252.0	1652.0	955.0	567.0	471.0	395.0	320.0	286.0	217.0	216.0	189.0	198.0	219.0	175.0	168.0	143.0	124.0	124.0	129.0	108.0	82.0	90.0	70.0	87.0	70.0	55.0	62.0	66.0	48.0	58.0	38.0	38.0	45.0	38.0	38.0	24.0	22.0	29.0	27.0	14.0	12.0	11.0	18.0	8.0	9.0	7.0	8.0	15.0	14.0	11.0	2.0	6.0	4.0	6.0	4.0	7.0	4.0	5.0	6.0	1.0	3.0	1.0	5.0	1.0	0.0
BR754	0.0	0.0	0.0	0.0	0.0	0.0	0.0	0.0	0.0	0.0	0.0	0.0	0.0	0.0	0.0	0.0	0.0	0.0	0.0	22442.0	129900.0	128117.0	119027.0	108163.0	95532.0	87403.0	74650.0	61854.0	48911.0	38817.0	27846.0	20473.0	13477.0	9320.0	5201.0	2846.0	1450.0	744.0	456.0	324.0	260.0	245.0	165.0	178.0	156.0	157.0	144.0	136.0	130.0	143.0	101.0	84.0	97.0	85.0	92.0	52.0	70.0	51.0	55.0	43.0	44.0	40.0	45.0	29.0	37.0	27.0	34.0	25.0	16.0	20.0	14.0	16.0	15.0	7.0	13.0	18.0	18.0	14.0	7.0	6.0	10.0	7.0	5.0	2.0	4.0	6.0	3.0	4.0	4.0	3.0	2.0	4.0	3.0	3.0	1.0	0.0	0.0	0.0	2.0	0.0
BR755	0.0	0.0	0.0	0.0	0.0	0.0	0.0	0.0	0.0	0.0	0.0	0.0	0.0	0.0	0.0	0.0	0.0	0.0	0.0	23838.0	129369.0	130519.0	119221.0	108589.0	95206.0	85300.0	74300.0	61105.0	48635.0	38287.0	27797.0	20671.0	13600.0	8968.0	5182.0	2901.0	1542.0	891.0	475.0	364.0	291.0	280.0	210.0	216.0	195.0	180.0	154.0	144.0	154.0	119.0	130.0	97.0	82.0	88.0	68.0	56.0	51.0	46.0	50.0	55.0	42.0	40.0	30.0	39.0	31.0	23.0	26.0	20.0	16.0	15.0	17.0	12.0	19.0	31.0	10.0	23.0	9.0	3.0	11.0	4.0	5.0	14.0	5.0	5.0	8.0	3.0	2.0	1.0	0.0	1.0	1.0	1.0	1.0	2.0	2.0	0.0	1.0	1.0	3.0	1.0
BR756	0.0	0.0	0.0	0.0	0.0	0.0	0.0	0.0	0.0	0.0	0.0	0.0	0.0	0.0	0.0	0.0	0.0	0.0	0.0	23983.0	129419.0	129386.0	118331.0	108701.0	95804.0	86064.0	74405.0	61713.0	49011.0	38865.0	27577.0	20311.0	13646.0	9061.0	5150.0	2841.0	1374.0	742.0	385.0	335.0	231.0	224.0	192.0	179.0	183.0	156.0	127.0	107.0	133.0	106.0	89.0	76.0	106.0	65.0	89.0	63.0	50.0	51.0	37.0	45.0	59.0	47.0	43.0	35.0	24.0	36.0	20.0	17.0	32.0	16.0	19.0	17.0	12.0	8.0	10.0	8.0	9.0	11.0	5.0	8.0	3.0	4.0	9.0	12.0	7.0	4.0	2.0	9.0	2.0	5.0	4.0	2.0	3.0	2.0	0.0	4.0	3.0	0.0	0.0	1.0
BR757	0.0	0.0	0.0	0.0	0.0	0.0	0.0	0.0	0.0	0.0	0.0	0.0	0.0	0.0	0.0	0.0	0.0	0.0	0.0	22298.0	127276.0	127399.0	117639.0	107265.0	95102.0	86449.0	75273.0	63136.0	50040.0	39660.0	29067.0	20605.0	14112.0	9349.0	5395.0	3006.0	1543.0	798.0	502.0	353.0	318.0	273.0	216.0	218.0	181.0	208.0	142.0	143.0	160.0	154.0	120.0	120.0	111.0	97.0	76.0	74.0	80.0	96.0	56.0	58.0	64.0	71.0	38.0	43.0	49.0	38.0	48.0	26.0	28.0	28.0	24.0	22.0	16.0	34.0	25.0	19.0	8.0	20.0	15.0	3.0	11.0	12.0	9.0	11.0	5.0	7.0	6.0	11.0	8.0	1.0	1.0	3.0	4.0	3.0	3.0	6.0	0.0	2.0	1.0	2.0
BR758	0.0	0.0	0.0	0.0	0.0	0.0	0.0	0.0	0.0	0.0	0.0	0.0	0.0	0.0	0.0	0.0	0.0	0.0	0.0	23142.0	129386.0	130349.0	118794.0	108855.0	96475.0	85700.0	74914.0	60449.0	48393.0	38401.0	27878.0	20150.0	13437.0	8903.0	5345.0	2934.0	1482.0	800.0	463.0	361.0	302.0	234.0	197.0	201.0	188.0	187.0	146.0	152.0	132.0	131.0	137.0	112.0	103.0	68.0	82.0	81.0	72.0	64.0	59.0	71.0	53.0	44.0	49.0	32.0	32.0	21.0	40.0	31.0	33.0	24.0	23.0	18.0	12.0	15.0	20.0	8.0	12.0	7.0	15.0	6.0	9.0	6.0	4.0	8.0	8.0	4.0	1.0	6.0	7.0	7.0	4.0	2.0	2.0	4.0	3.0	2.0	3.0	0.0	0.0	4.0
BR759	0.0	0.0	0.0	0.0	0.0	0.0	0.0	0.0	0.0	0.0	0.0	0.0	0.0	0.0	0.0	0.0	0.0	0.0	0.0	23278.0	132553.0	132325.0	122000.0	110824.0	97439.0	86371.0	73503.0	60239.0	46599.0	37016.0	26000.0	18938.0	12383.0	8256.0	4546.0	2507.0	1270.0	671.0	385.0	281.0	249.0	237.0	177.0	152.0	163.0	139.0	123.0	108.0	125.0	118.0	99.0	92.0	94.0	73.0	64.0	54.0	68.0	42.0	50.0	36.0	29.0	22.0	31.0	14.0	19.0	8.0	9.0	24.0	11.0	14.0	14.0	8.0	10.0	8.0	7.0	5.0	8.0	5.0	4.0	5.0	7.0	0.0	3.0	5.0	2.0	3.0	2.0	3.0	1.0	3.0	1.0	0.0	0.0	2.0	0.0	0.0	1.0	1.0	0.0	0.0
BR760	0.0	0.0	0.0	0.0	0.0	0.0	0.0	0.0	0.0	0.0	0.0	0.0	0.0	0.0	0.0	0.0	0.0	0.0	0.0	20618.0	116758.0	117698.0	111170.0	104440.0	95196.0	86927.0	78510.0	66163.0	54583.0	44010.0	32972.0	24191.0	16477.0	11135.0	6494.0	3733.0	1770.0	1009.0	564.0	446.0	395.0	374.0	286.0	322.0	309.0	277.0	245.0	223.0	218.0	224.0	196.0	196.0	168.0	133.0	118.0	120.0	91.0	117.0	92.0	89.0	58.0	77.0	82.0	62.0	57.0	49.0	32.0	34.0	34.0	22.0	39.0	26.0	28.0	24.0	29.0	21.0	23.0	23.0	8.0	12.0	9.0	2.0	11.0	2.0	4.0	4.0	12.0	4.0	8.0	4.0	4.0	6.0	1.0	3.0	1.0	1.0	0.0	4.0	6.0	2.0
BR761	0.0	0.0	0.0	0.0	0.0	0.0	0.0	0.0	0.0	0.0	0.0	0.0	0.0	0.0	0.0	0.0	0.0	0.0	0.0	24997.0	137482.0	136113.0	122768.0	110598.0	96378.0	84063.0	72799.0	58582.0	45857.0	35530.0	25591.0	17759.0	11940.0	7825.0	4307.0	2461.0	1266.0	659.0	384.0	269.0	234.0	198.0	154.0	150.0	127.0	122.0	114.0	113.0	85.0	73.0	76.0	68.0	65.0	51.0	75.0	50.0	36.0	37.0	43.0	49.0	35.0	26.0	27.0	30.0	13.0	11.0	25.0	17.0	13.0	15.0	11.0	17.0	13.0	15.0	8.0	12.0	5.0	9.0	5.0	5.0	8.0	9.0	10.0	1.0	5.0	1.0	1.0	9.0	5.0	2.0	2.0	4.0	3.0	0.0	0.0	0.0	5.0	3.0	0.0	2.0
