	4	8	12	16	20	24	28	32	36	40	44	48	52	56	60	64	68	72	76	80	84	88	92	96	100	104	108	112	116	120	124	128	132	136	140	144	148	152	156	160	164	168	172	176	180	184	188	192	196	200	204	208	212	216	220	224	228	232	236	240	244	248	252	256	260	264	268	272	276	280	284	288	292	296	300	304	308	312	316	320	324	328	332	336	340	344	348	352	356	360	364	368	372	376	380	384	388	392	396	400	404	408	412	416	420	424	428	432	436	440	444	448	452	456	460	464	468	472	476	480	484	488	492	496	500
BR701	10637677	961373	239535	102213	55898	34893	24150	17216	13080	10178	8101	6618	5532	4607	3910	3410	3037	2613	2375	1993	1855	1592	1565	1435	1261	1179	1110	1068	918	885	810	726	647	696	590	576	563	516	494	433	435	399	364	390	361	341	341	275	287	293	249	248	242	217	245	198	221	210	180	206	158	185	162	174	175	155	132	121	158	124	133	119	115	111	96	102	100	118	110	108	95	83	91	89	85	74	82	70	60	85	73	84	58	77	69	62	57	59	56	56	52	51	53	61	44	59	39	40	50	50	54	44	51	44	44	45	40	48	41	43	36	39	32	34	29
	4	8	12	16	20	24	28	32	36	40	44	48	52	56	60	64	68	72	76	80	84	88	92	96	100	104	108	112	116	120	124	128	132	136	140	144	148	152	156	160	164	168	172	176	180	184	188	192	196	200	204	208	212	216	220	224	228	232	236	240	244	248	252	256	260	264	268	272	276	280	284	288	292	296	300	304	308	312	316	320	324	328	332	336	340	344	348	352	356	360	364	368	372	376	380	384	388	392	396	400	404	408	412	416	420	424	428	432	436	440	444	448	452	456	460	464	468	472	476	480	484	488	492	496	500
BR702	10365778	739436	189464	83206	46145	29303	20202	14491	10884	8416	6934	5797	4690	4005	3326	2961	2555	2235	2026	1870	1615	1515	1379	1220	1166	954	945	832	846	699	690	643	565	577	548	515	444	429	395	388	381	335	345	295	302	304	281	259	246	225	238	219	206	202	188	188	171	179	152	148	140	148	133	147	126	137	124	100	116	118	115	87	124	105	83	89	82	90	77	84	77	84	83	76	69	68	65	56	59	62	53	50	58	46	65	49	53	66	43	50	52	46	45	37	49	43	35	58	38	31	40	41	37	31	36	36	34	33	32	30	22	33	28	33	27
	4	8	12	16	20	24	28	32	36	40	44	48	52	56	60	64	68	72	76	80	84	88	92	96	100	104	108	112	116	120	124	128	132	136	140	144	148	152	156	160	164	168	172	176	180	184	188	192	196	200	204	208	212	216	220	224	228	232	236	240	244	248	252	256	260	264	268	272	276	280	284	288	292	296	300	304	308	312	316	320	324	328	332	336	340	344	348	352	356	360	364	368	372	376	380	384	388	392	396	400	404	408	412	416	420	424	428	432	436	440	444	448	452	456	460	464	468	472	476	480	484	488	492	496	500
BR703	11763829	812101	211103	93519	52355	32674	22327	16392	12619	9706	7799	6543	5317	4582	3833	3338	2791	2576	2195	1907	1820	1599	1492	1315	1247	1169	1070	960	903	784	795	749	702	607	533	558	483	463	442	425	393	409	386	374	309	319	326	303	267	268	239	252	242	236	222	186	181	184	154	191	164	142	170	149	164	157	154	129	136	135	115	111	101	108	94	102	101	85	112	94	86	90	91	74	80	72	78	71	64	86	65	58	67	66	55	66	60	59	63	55	53	49	49	43	53	53	49	53	47	33	37	41	32	40	36	44	30	37	33	29	43	24	46	30	27
	4	8	12	16	20	24	28	32	36	40	44	48	52	56	60	64	68	72	76	80	84	88	92	96	100	104	108	112	116	120	124	128	132	136	140	144	148	152	156	160	164	168	172	176	180	184	188	192	196	200	204	208	212	216	220	224	228	232	236	240	244	248	252	256	260	264	268	272	276	280	284	288	292	296	300	304	308	312	316	320	324	328	332	336	340	344	348	352	356	360	364	368	372	376	380	384	388	392	396	400	404	408	412	416	420	424	428	432	436	440	444	448	452	456	460	464	468	472	476	480	484	488	492	496	500
BR704	11566401	1104221	287141	124013	68497	43397	30033	21707	16163	12821	10240	8491	7024	5839	4937	4423	3758	3284	2912	2669	2289	2171	1963	1741	1614	1457	1364	1265	1219	1099	1017	942	894	872	785	746	699	655	645	592	528	501	524	501	431	428	384	361	375	385	307	342	320	284	275	294	259	245	280	243	253	215	214	212	194	207	182	195	187	190	175	170	142	140	158	139	176	145	117	129	118	146	117	104	119	93	114	94	104	94	98	98	80	103	109	93	88	76	74	85	69	66	67	60	94	83	72	60	61	60	58	63	55	56	63	63	58	51	51	61	57	41	47	46	55
	4	8	12	16	20	24	28	32	36	40	44	48	52	56	60	64	68	72	76	80	84	88	92	96	100	104	108	112	116	120	124	128	132	136	140	144	148	152	156	160	164	168	172	176	180	184	188	192	196	200	204	208	212	216	220	224	228	232	236	240	244	248	252	256	260	264	268	272	276	280	284	288	292	296	300	304	308	312	316	320	324	328	332	336	340	344	348	352	356	360	364	368	372	376	380	384	388	392	396	400	404	408	412	416	420	424	428	432	436	440	444	448	452	456	460	464	468	472	476	480	484	488	492	496	500
BR705	10169794	651355	168568	74421	41885	26656	18265	13356	10253	7970	6331	5149	4247	3715	3167	2833	2309	2155	1887	1624	1448	1351	1121	1175	1055	950	874	791	712	726	680	595	538	504	507	488	455	416	373	401	354	348	324	280	270	269	265	253	211	246	234	215	195	200	178	176	172	157	159	150	113	136	136	138	134	121	105	118	116	111	97	81	89	93	92	74	103	74	76	64	74	68	66	74	75	69	48	66	61	63	68	59	53	55	59	55	40	48	44	45	56	40	48	41	31	47	35	33	37	45	37	20	37	32	31	26	28	26	27	31	38	39	19	29	22
	4	8	12	16	20	24	28	32	36	40	44	48	52	56	60	64	68	72	76	80	84	88	92	96	100	104	108	112	116	120	124	128	132	136	140	144	148	152	156	160	164	168	172	176	180	184	188	192	196	200	204	208	212	216	220	224	228	232	236	240	244	248	252	256	260	264	268	272	276	280	284	288	292	296	300	304	308	312	316	320	324	328	332	336	340	344	348	352	356	360	364	368	372	376	380	384	388	392	396	400	404	408	412	416	420	424	428	432	436	440	444	448	452	456	460	464	468	472	476	480	484	488	492	496	500
BR707	10876376	997459	252744	107556	59282	37189	25621	18441	14004	10857	9024	7228	5883	4909	4396	3768	3284	2870	2551	2367	1993	1876	1682	1479	1367	1277	1220	1095	1019	966	840	811	772	699	683	606	642	547	501	530	495	480	435	402	401	381	317	352	337	337	305	287	260	271	260	243	239	204	218	207	193	191	178	178	194	149	147	143	154	140	143	155	118	139	143	127	122	128	122	107	122	93	116	97	87	75	82	78	89	74	73	84	93	51	69	62	70	71	58	65	66	64	62	53	70	49	55	48	64	54	39	38	44	49	47	45	46	40	40	40	34	46	44	37	42
	4	8	12	16	20	24	28	32	36	40	44	48	52	56	60	64	68	72	76	80	84	88	92	96	100	104	108	112	116	120	124	128	132	136	140	144	148	152	156	160	164	168	172	176	180	184	188	192	196	200	204	208	212	216	220	224	228	232	236	240	244	248	252	256	260	264	268	272	276	280	284	288	292	296	300	304	308	312	316	320	324	328	332	336	340	344	348	352	356	360	364	368	372	376	380	384	388	392	396	400	404	408	412	416	420	424	428	432	436	440	444	448	452	456	460	464	468	472	476	480	484	488	492	496	500
BR708	10188746	700323	176953	77677	43158	27046	18634	13835	10160	8027	6421	5326	4434	3727	3237	2718	2348	2025	1855	1683	1564	1356	1241	1154	1054	959	902	813	742	722	615	630	582	534	493	466	453	394	407	399	347	324	317	290	291	300	265	264	256	243	244	220	216	223	199	169	168	170	174	153	132	110	139	115	112	108	127	114	105	81	99	104	96	92	86	85	112	80	97	73	88	67	69	68	59	67	66	66	68	54	59	69	59	48	55	44	58	54	56	50	50	40	41	51	43	49	43	45	47	32	36	36	38	33	27	26	17	24	32	24	16	20	29	26	29
	4	8	12	16	20	24	28	32	36	40	44	48	52	56	60	64	68	72	76	80	84	88	92	96	100	104	108	112	116	120	124	128	132	136	140	144	148	152	156	160	164	168	172	176	180	184	188	192	196	200	204	208	212	216	220	224	228	232	236	240	244	248	252	256	260	264	268	272	276	280	284	288	292	296	300	304	308	312	316	320	324	328	332	336	340	344	348	352	356	360	364	368	372	376	380	384	388	392	396	400	404	408	412	416	420	424	428	432	436	440	444	448	452	456	460	464	468	472	476	480	484	488	492	496	500
BR709	11677527	1147914	301773	130535	72603	45397	31138	22609	17120	13381	10680	8868	7131	6294	5127	4520	3902	3534	3126	2735	2510	2142	2073	1813	1760	1591	1476	1211	1215	1085	1081	1014	919	874	831	753	698	695	645	591	610	551	476	522	519	453	428	459	403	366	357	356	348	310	278	317	302	277	262	265	238	254	240	241	221	217	199	206	206	189	202	182	170	149	177	154	142	144	132	124	137	143	112	152	115	103	110	130	111	111	93	105	106	75	96	94	81	83	77	79	68	80	79	93	69	66	72	65	78	75	68	74	70	64	68	48	64	50	49	59	54	46	45	48	58
	4	8	12	16	20	24	28	32	36	40	44	48	52	56	60	64	68	72	76	80	84	88	92	96	100	104	108	112	116	120	124	128	132	136	140	144	148	152	156	160	164	168	172	176	180	184	188	192	196	200	204	208	212	216	220	224	228	232	236	240	244	248	252	256	260	264	268	272	276	280	284	288	292	296	300	304	308	312	316	320	324	328	332	336	340	344	348	352	356	360	364	368	372	376	380	384	388	392	396	400	404	408	412	416	420	424	428	432	436	440	444	448	452	456	460	464	468	472	476	480	484	488	492	496	500
BR710	11518471	948048	242320	104843	57895	36346	25152	18117	13738	10563	8617	7060	5823	4866	4058	3606	3134	2880	2402	2221	1983	1728	1618	1466	1360	1239	1149	1109	1023	913	840	807	760	701	635	637	578	567	523	514	499	424	439	429	389	377	408	321	369	317	278	313	296	243	266	234	209	225	206	212	203	181	166	194	176	183	159	148	162	155	142	149	139	128	116	135	113	122	97	111	98	96	113	116	80	73	98	82	91	70	73	76	73	60	81	77	74	77	73	55	75	71	59	73	53	61	56	60	51	51	58	48	56	51	43	56	39	43	50	38	43	41	37	39	39
	4	8	12	16	20	24	28	32	36	40	44	48	52	56	60	64	68	72	76	80	84	88	92	96	100	104	108	112	116	120	124	128	132	136	140	144	148	152	156	160	164	168	172	176	180	184	188	192	196	200	204	208	212	216	220	224	228	232	236	240	244	248	252	256	260	264	268	272	276	280	284	288	292	296	300	304	308	312	316	320	324	328	332	336	340	344	348	352	356	360	364	368	372	376	380	384	388	392	396	400	404	408	412	416	420	424	428	432	436	440	444	448	452	456	460	464	468	472	476	480	484	488	492	496	500
BR711	10417817	890271	230991	100182	55018	35238	23681	17228	12997	10066	8006	6626	5375	4732	3934	3437	3019	2606	2372	2128	1951	1743	1587	1425	1242	1121	1073	967	919	864	854	700	720	657	632	567	550	558	515	483	484	430	386	365	356	341	337	313	283	302	294	269	272	248	246	196	218	199	169	194	192	151	182	175	162	132	153	151	127	131	134	117	104	126	116	99	109	117	108	83	99	94	83	104	83	83	83	69	85	62	66	70	73	71	62	61	59	73	56	52	62	56	56	59	55	47	44	45	34	37	52	31	40	40	34	44	36	36	21	36	43	33	41	46	45
	4	8	12	16	20	24	28	32	36	40	44	48	52	56	60	64	68	72	76	80	84	88	92	96	100	104	108	112	116	120	124	128	132	136	140	144	148	152	156	160	164	168	172	176	180	184	188	192	196	200	204	208	212	216	220	224	228	232	236	240	244	248	252	256	260	264	268	272	276	280	284	288	292	296	300	304	308	312	316	320	324	328	332	336	340	344	348	352	356	360	364	368	372	376	380	384	388	392	396	400	404	408	412	416	420	424	428	432	436	440	444	448	452	456	460	464	468	472	476	480	484	488	492	496	500
BR712	7851114	516561	130952	58144	32323	20810	14374	10410	8152	6230	5005	4099	3553	3024	2464	2184	1949	1688	1472	1358	1285	1051	1058	910	875	836	741	637	571	590	565	500	492	457	405	433	366	357	307	311	290	267	272	272	218	252	230	228	202	205	172	167	164	127	167	147	149	143	141	129	120	128	96	127	91	101	84	87	87	87	84	89	74	79	81	72	78	78	57	72	65	66	71	63	45	57	40	67	46	44	45	35	37	52	46	43	42	31	27	35	26	31	34	29	42	36	29	27	29	24	27	28	19	31	33	32	20	20	23	20	25	21	13	19	29
	4	8	12	16	20	24	28	32	36	40	44	48	52	56	60	64	68	72	76	80	84	88	92	96	100	104	108	112	116	120	124	128	132	136	140	144	148	152	156	160	164	168	172	176	180	184	188	192	196	200	204	208	212	216	220	224	228	232	236	240	244	248	252	256	260	264	268	272	276	280	284	288	292	296	300	304	308	312	316	320	324	328	332	336	340	344	348	352	356	360	364	368	372	376	380	384	388	392	396	400	404	408	412	416	420	424	428	432	436	440	444	448	452	456	460	464	468	472	476	480	484	488	492	496	500
BR713	9439674	1007305	251892	106183	58187	36117	24929	17763	13618	10598	8515	6972	5878	5062	4245	3639	3166	2808	2470	2246	1915	1746	1610	1493	1436	1223	1173	1079	967	903	836	786	787	687	728	577	601	502	482	446	473	437	394	385	384	317	394	324	334	318	285	280	277	283	271	223	201	244	203	199	188	187	188	167	155	186	171	167	133	147	134	139	124	133	98	105	116	121	115	98	101	99	91	89	77	84	77	79	88	85	78	70	72	87	66	61	78	57	75	52	63	58	57	57	36	56	48	56	65	43	48	54	44	65	54	45	39	55	45	39	50	40	33	48	31
	4	8	12	16	20	24	28	32	36	40	44	48	52	56	60	64	68	72	76	80	84	88	92	96	100	104	108	112	116	120	124	128	132	136	140	144	148	152	156	160	164	168	172	176	180	184	188	192	196	200	204	208	212	216	220	224	228	232	236	240	244	248	252	256	260	264	268	272	276	280	284	288	292	296	300	304	308	312	316	320	324	328	332	336	340	344	348	352	356	360	364	368	372	376	380	384	388	392	396	400	404	408	412	416	420	424	428	432	436	440	444	448	452	456	460	464	468	472	476	480	484	488	492	496	500
BR714	11494113	796161	211613	94615	53478	33998	23444	17054	13100	10383	8335	6766	5744	4874	4161	3540	3069	2780	2489	2154	1921	1782	1615	1465	1392	1279	1142	1061	984	911	857	808	780	687	656	642	584	538	522	473	498	450	440	382	419	357	349	352	325	332	303	276	269	295	238	231	221	211	236	193	214	190	188	181	180	169	182	165	141	156	144	128	126	142	125	115	131	124	117	98	107	77	107	89	98	103	85	86	84	82	93	82	81	79	75	57	70	66	78	52	63	63	48	44	60	54	57	46	52	56	45	54	52	54	54	51	53	43	39	41	36	31	37	42	53
	4	8	12	16	20	24	28	32	36	40	44	48	52	56	60	64	68	72	76	80	84	88	92	96	100	104	108	112	116	120	124	128	132	136	140	144	148	152	156	160	164	168	172	176	180	184	188	192	196	200	204	208	212	216	220	224	228	232	236	240	244	248	252	256	260	264	268	272	276	280	284	288	292	296	300	304	308	312	316	320	324	328	332	336	340	344	348	352	356	360	364	368	372	376	380	384	388	392	396	400	404	408	412	416	420	424	428	432	436	440	444	448	452	456	460	464	468	472	476	480	484	488	492	496	500
BR715	11268141	768218	200040	88560	49525	31466	21881	15750	12078	9577	7533	6151	5306	4360	3697	3208	2860	2494	2286	1998	1743	1653	1430	1325	1179	1163	1022	964	901	834	733	720	729	650	606	585	499	500	459	471	457	400	383	361	369	302	277	285	280	273	248	287	243	213	246	220	194	204	165	184	164	164	147	162	150	130	149	141	124	125	119	123	99	123	110	94	97	94	97	108	106	98	86	90	82	86	77	73	63	64	70	56	62	68	58	58	63	47	51	56	41	49	57	37	56	53	53	60	38	54	40	45	49	41	30	35	33	38	36	39	39	33	28	35	44
	4	8	12	16	20	24	28	32	36	40	44	48	52	56	60	64	68	72	76	80	84	88	92	96	100	104	108	112	116	120	124	128	132	136	140	144	148	152	156	160	164	168	172	176	180	184	188	192	196	200	204	208	212	216	220	224	228	232	236	240	244	248	252	256	260	264	268	272	276	280	284	288	292	296	300	304	308	312	316	320	324	328	332	336	340	344	348	352	356	360	364	368	372	376	380	384	388	392	396	400	404	408	412	416	420	424	428	432	436	440	444	448	452	456	460	464	468	472	476	480	484	488	492	496	500
BR716	11417731	864609	222526	97458	54227	34416	23637	17270	12955	10029	8212	6731	5468	4670	3995	3375	3059	2658	2315	2093	1923	1693	1606	1453	1325	1160	1104	994	897	862	816	764	723	678	627	539	501	526	467	485	406	444	374	376	366	328	305	309	281	283	241	233	234	236	222	203	203	193	168	183	174	170	176	158	146	120	134	154	151	121	119	116	127	128	112	100	89	94	110	109	90	80	93	87	66	92	67	69	55	59	93	63	50	56	66	71	52	47	56	64	67	49	50	57	40	36	53	51	42	39	50	43	46	46	40	28	35	32	33	43	35	36	46	41	30
	4	8	12	16	20	24	28	32	36	40	44	48	52	56	60	64	68	72	76	80	84	88	92	96	100	104	108	112	116	120	124	128	132	136	140	144	148	152	156	160	164	168	172	176	180	184	188	192	196	200	204	208	212	216	220	224	228	232	236	240	244	248	252	256	260	264	268	272	276	280	284	288	292	296	300	304	308	312	316	320	324	328	332	336	340	344	348	352	356	360	364	368	372	376	380	384	388	392	396	400	404	408	412	416	420	424	428	432	436	440	444	448	452	456	460	464	468	472	476	480	484	488	492	496	500
BR717	9610333	901628	231233	99810	54954	34795	23889	17520	13236	10459	8412	6767	5672	4940	4252	3641	3175	2703	2477	2253	1995	1776	1621	1444	1286	1219	1095	1051	988	896	887	795	762	700	648	614	586	552	511	534	476	458	419	416	370	380	360	346	321	305	294	294	273	245	240	259	232	225	223	189	213	218	194	198	194	165	176	137	130	142	158	145	135	136	138	136	123	125	108	104	107	105	107	80	97	94	84	74	81	81	73	84	67	71	85	59	67	67	62	69	72	79	63	58	62	49	51	55	57	59	56	43	44	48	56	61	49	59	54	51	32	48	31	39	39
	4	8	12	16	20	24	28	32	36	40	44	48	52	56	60	64	68	72	76	80	84	88	92	96	100	104	108	112	116	120	124	128	132	136	140	144	148	152	156	160	164	168	172	176	180	184	188	192	196	200	204	208	212	216	220	224	228	232	236	240	244	248	252	256	260	264	268	272	276	280	284	288	292	296	300	304	308	312	316	320	324	328	332	336	340	344	348	352	356	360	364	368	372	376	380	384	388	392	396	400	404	408	412	416	420	424	428	432	436	440	444	448	452	456	460	464	468	472	476	480	484	488	492	496	500
BR718	9547704	1209306	310213	129112	69947	44044	30013	21521	16453	12828	10181	8345	6955	5879	5094	4331	3833	3313	2835	2724	2286	2155	2022	1810	1666	1487	1397	1279	1167	1100	975	930	918	828	810	761	729	670	634	575	578	555	495	452	503	437	404	421	366	380	345	334	321	319	281	281	300	279	279	238	239	229	221	212	218	214	211	159	158	181	176	184	164	165	139	134	148	142	129	139	118	114	126	104	127	116	109	109	90	108	89	86	89	95	98	88	86	79	79	80	77	89	87	66	90	69	80	68	67	54	64	68	68	61	59	48	44	48	51	61	60	35	54	48	57
	4	8	12	16	20	24	28	32	36	40	44	48	52	56	60	64	68	72	76	80	84	88	92	96	100	104	108	112	116	120	124	128	132	136	140	144	148	152	156	160	164	168	172	176	180	184	188	192	196	200	204	208	212	216	220	224	228	232	236	240	244	248	252	256	260	264	268	272	276	280	284	288	292	296	300	304	308	312	316	320	324	328	332	336	340	344	348	352	356	360	364	368	372	376	380	384	388	392	396	400	404	408	412	416	420	424	428	432	436	440	444	448	452	456	460	464	468	472	476	480	484	488	492	496	500
BR719	10207838	742447	190186	83601	46688	29401	20367	14797	11261	8801	7007	5865	4884	4254	3562	2998	2680	2368	2118	1960	1714	1479	1387	1195	1143	1055	973	919	893	764	732	709	631	625	594	550	525	477	465	427	396	359	402	356	342	341	327	287	290	276	228	249	221	207	231	216	205	183	169	171	177	173	165	153	150	152	123	147	162	141	136	121	105	131	98	86	109	102	101	117	98	97	72	102	91	89	75	56	69	65	64	71	54	69	64	63	79	60	62	51	55	51	47	65	53	38	50	46	49	53	49	38	34	44	47	48	37	27	41	35	32	21	49	43	32
	4	8	12	16	20	24	28	32	36	40	44	48	52	56	60	64	68	72	76	80	84	88	92	96	100	104	108	112	116	120	124	128	132	136	140	144	148	152	156	160	164	168	172	176	180	184	188	192	196	200	204	208	212	216	220	224	228	232	236	240	244	248	252	256	260	264	268	272	276	280	284	288	292	296	300	304	308	312	316	320	324	328	332	336	340	344	348	352	356	360	364	368	372	376	380	384	388	392	396	400	404	408	412	416	420	424	428	432	436	440	444	448	452	456	460	464	468	472	476	480	484	488	492	496	500
BR720	11443507	992421	257523	112554	62651	39482	27090	19672	14862	11804	9467	7853	6480	5446	4711	4131	3545	3194	2759	2492	2284	1988	1871	1714	1488	1417	1305	1177	1058	1050	923	945	785	779	704	681	682	603	603	574	551	468	493	432	394	422	410	369	376	337	327	311	307	321	286	269	283	266	232	252	228	240	209	180	200	204	200	166	166	174	168	148	151	158	168	135	140	131	136	113	122	147	99	98	93	113	95	116	106	103	97	77	81	82	75	64	79	68	83	74	73	67	75	55	72	68	63	67	58	57	56	50	61	64	54	57	57	47	39	51	54	52	30	44	53
	4	8	12	16	20	24	28	32	36	40	44	48	52	56	60	64	68	72	76	80	84	88	92	96	100	104	108	112	116	120	124	128	132	136	140	144	148	152	156	160	164	168	172	176	180	184	188	192	196	200	204	208	212	216	220	224	228	232	236	240	244	248	252	256	260	264	268	272	276	280	284	288	292	296	300	304	308	312	316	320	324	328	332	336	340	344	348	352	356	360	364	368	372	376	380	384	388	392	396	400	404	408	412	416	420	424	428	432	436	440	444	448	452	456	460	464	468	472	476	480	484	488	492	496	500
BR721	10737174	835247	216247	94895	52402	33320	23008	16425	12281	9828	7906	6413	5442	4495	3795	3329	2989	2567	2271	2123	1796	1723	1517	1345	1217	1149	1070	950	936	853	745	700	689	640	599	589	555	545	535	471	405	433	414	369	363	331	329	316	292	289	275	256	235	234	229	223	228	219	210	188	179	189	161	186	149	168	151	133	144	122	127	117	151	131	113	128	120	129	101	86	104	104	91	88	88	84	95	70	91	81	79	74	77	72	59	64	71	67	51	58	65	55	61	56	44	61	62	51	53	46	57	42	59	36	45	43	32	38	47	44	31	29	39	33	30
	4	8	12	16	20	24	28	32	36	40	44	48	52	56	60	64	68	72	76	80	84	88	92	96	100	104	108	112	116	120	124	128	132	136	140	144	148	152	156	160	164	168	172	176	180	184	188	192	196	200	204	208	212	216	220	224	228	232	236	240	244	248	252	256	260	264	268	272	276	280	284	288	292	296	300	304	308	312	316	320	324	328	332	336	340	344	348	352	356	360	364	368	372	376	380	384	388	392	396	400	404	408	412	416	420	424	428	432	436	440	444	448	452	456	460	464	468	472	476	480	484	488	492	496	500
BR722	11089738	852846	217356	94219	52228	33122	22390	16417	12345	9818	7648	6415	5360	4492	3830	3385	2886	2625	2246	1975	1802	1604	1441	1403	1279	1135	1101	963	906	858	730	717	712	617	573	580	521	515	467	442	448	403	371	364	339	316	332	314	263	296	279	256	272	209	213	211	227	182	200	176	194	165	168	146	157	147	141	123	146	119	156	123	129	128	115	108	100	101	123	94	94	99	107	102	74	83	89	61	85	60	64	53	75	62	60	61	72	55	61	55	55	47	65	35	56	44	72	53	45	52	42	38	34	37	54	41	30	50	27	31	43	38	26	36	33
	4	8	12	16	20	24	28	32	36	40	44	48	52	56	60	64	68	72	76	80	84	88	92	96	100	104	108	112	116	120	124	128	132	136	140	144	148	152	156	160	164	168	172	176	180	184	188	192	196	200	204	208	212	216	220	224	228	232	236	240	244	248	252	256	260	264	268	272	276	280	284	288	292	296	300	304	308	312	316	320	324	328	332	336	340	344	348	352	356	360	364	368	372	376	380	384	388	392	396	400	404	408	412	416	420	424	428	432	436	440	444	448	452	456	460	464	468	472	476	480	484	488	492	496	500
BR723	12050915	902769	235984	103536	57112	36309	24766	18267	13713	10413	8542	7040	5830	4816	4115	3637	3216	2790	2452	2188	1949	1671	1624	1495	1400	1260	1073	1017	939	896	821	753	758	659	656	616	543	524	483	488	431	393	392	366	373	372	330	327	277	275	271	266	255	256	232	232	221	201	214	177	173	182	171	159	160	162	146	152	144	121	144	145	127	107	109	119	109	89	90	99	101	99	71	81	82	103	91	73	77	94	95	90	66	89	78	69	74	52	70	44	49	61	53	55	50	47	48	46	49	50	53	46	47	45	34	43	42	36	37	42	42	28	28	49	38
	4	8	12	16	20	24	28	32	36	40	44	48	52	56	60	64	68	72	76	80	84	88	92	96	100	104	108	112	116	120	124	128	132	136	140	144	148	152	156	160	164	168	172	176	180	184	188	192	196	200	204	208	212	216	220	224	228	232	236	240	244	248	252	256	260	264	268	272	276	280	284	288	292	296	300	304	308	312	316	320	324	328	332	336	340	344	348	352	356	360	364	368	372	376	380	384	388	392	396	400	404	408	412	416	420	424	428	432	436	440	444	448	452	456	460	464	468	472	476	480	484	488	492	496	500
BR724	11514032	850012	214340	92613	50791	31914	21358	15810	11891	9269	7324	6078	4915	4037	3513	3124	2641	2310	2169	1829	1696	1480	1267	1217	1161	957	943	868	868	740	665	685	599	575	521	491	483	460	431	393	356	362	345	282	303	270	295	222	241	219	206	246	194	204	180	177	181	209	183	134	153	142	150	138	138	135	128	112	97	104	99	119	85	104	106	62	75	92	91	82	75	76	84	79	67	50	81	75	59	58	65	57	54	58	51	58	48	43	60	34	49	43	46	40	45	43	35	45	42	36	31	30	44	30	33	36	21	41	28	30	23	35	35	30	18
	4	8	12	16	20	24	28	32	36	40	44	48	52	56	60	64	68	72	76	80	84	88	92	96	100	104	108	112	116	120	124	128	132	136	140	144	148	152	156	160	164	168	172	176	180	184	188	192	196	200	204	208	212	216	220	224	228	232	236	240	244	248	252	256	260	264	268	272	276	280	284	288	292	296	300	304	308	312	316	320	324	328	332	336	340	344	348	352	356	360	364	368	372	376	380	384	388	392	396	400	404	408	412	416	420	424	428	432	436	440	444	448	452	456	460	464	468	472	476	480	484	488	492	496	500
BR725	10942293	742896	188174	81888	45664	28660	19878	14392	10750	8562	6746	5666	4666	4014	3300	2887	2557	2212	2004	1802	1621	1470	1328	1235	1125	1017	1037	920	828	784	702	688	609	537	550	513	469	420	436	429	391	362	313	350	331	281	297	297	273	276	257	258	237	189	218	179	192	165	190	166	137	157	160	142	148	150	130	149	141	109	99	112	108	113	99	79	108	113	96	93	82	71	83	95	80	80	75	81	54	70	69	71	64	65	47	46	55	64	56	50	44	45	47	50	46	55	36	43	43	45	38	34	38	38	29	36	42	23	43	44	36	35	31	40	30
	4	8	12	16	20	24	28	32	36	40	44	48	52	56	60	64	68	72	76	80	84	88	92	96	100	104	108	112	116	120	124	128	132	136	140	144	148	152	156	160	164	168	172	176	180	184	188	192	196	200	204	208	212	216	220	224	228	232	236	240	244	248	252	256	260	264	268	272	276	280	284	288	292	296	300	304	308	312	316	320	324	328	332	336	340	344	348	352	356	360	364	368	372	376	380	384	388	392	396	400	404	408	412	416	420	424	428	432	436	440	444	448	452	456	460	464	468	472	476	480	484	488	492	496	500
BR726	9172044	662792	166464	72935	40207	25893	17728	12819	9683	7661	6102	4944	4242	3590	3070	2697	2368	2004	1851	1622	1462	1356	1291	1059	989	953	862	802	749	665	594	601	561	476	532	464	454	376	406	358	329	339	322	289	271	258	232	262	237	226	243	166	188	176	179	150	157	159	172	137	143	129	131	134	135	106	107	101	83	88	113	103	94	82	98	81	57	77	92	77	79	54	79	56	57	63	45	64	52	53	52	45	54	51	41	43	58	50	53	39	37	48	40	43	43	42	39	41	39	29	31	26	30	42	39	34	23	25	19	28	19	28	29	25	29
	4	8	12	16	20	24	28	32	36	40	44	48	52	56	60	64	68	72	76	80	84	88	92	96	100	104	108	112	116	120	124	128	132	136	140	144	148	152	156	160	164	168	172	176	180	184	188	192	196	200	204	208	212	216	220	224	228	232	236	240	244	248	252	256	260	264	268	272	276	280	284	288	292	296	300	304	308	312	316	320	324	328	332	336	340	344	348	352	356	360	364	368	372	376	380	384	388	392	396	400	404	408	412	416	420	424	428	432	436	440	444	448	452	456	460	464	468	472	476	480	484	488	492	496	500
BR727	10609272	858833	218127	94194	52615	33289	22702	16609	12477	9705	7754	6404	5381	4537	3873	3434	2955	2471	2351	2090	1813	1636	1467	1336	1223	1109	1035	1003	932	832	788	754	649	633	589	537	523	509	478	445	434	398	408	369	373	362	304	283	290	271	285	249	239	235	200	205	216	195	174	168	206	177	163	171	130	169	173	145	150	117	130	125	114	83	111	105	88	94	94	97	97	109	79	82	58	75	77	74	81	95	68	73	55	63	53	44	56	61	63	46	53	44	51	59	43	49	44	54	42	45	37	46	38	32	41	25	46	34	38	30	36	30	33	36	35
	4	8	12	16	20	24	28	32	36	40	44	48	52	56	60	64	68	72	76	80	84	88	92	96	100	104	108	112	116	120	124	128	132	136	140	144	148	152	156	160	164	168	172	176	180	184	188	192	196	200	204	208	212	216	220	224	228	232	236	240	244	248	252	256	260	264	268	272	276	280	284	288	292	296	300	304	308	312	316	320	324	328	332	336	340	344	348	352	356	360	364	368	372	376	380	384	388	392	396	400	404	408	412	416	420	424	428	432	436	440	444	448	452	456	460	464	468	472	476	480	484	488	492	496	500
BR729	10537235	763697	197162	86677	47959	30442	20721	15094	11276	8951	7250	5893	4815	4057	3482	3053	2709	2337	2064	1793	1725	1521	1259	1244	1166	1014	973	870	782	771	702	683	630	615	554	537	513	449	420	414	421	376	371	357	365	321	337	303	270	271	241	252	240	192	190	199	183	167	183	161	169	157	152	137	147	140	139	128	133	124	102	116	123	84	92	98	103	105	95	85	97	79	87	88	69	74	71	76	75	59	77	53	69	65	59	59	70	56	53	56	41	40	39	54	38	57	52	27	42	41	39	38	38	33	37	33	36	28	35	50	32	46	26	21	29
	4	8	12	16	20	24	28	32	36	40	44	48	52	56	60	64	68	72	76	80	84	88	92	96	100	104	108	112	116	120	124	128	132	136	140	144	148	152	156	160	164	168	172	176	180	184	188	192	196	200	204	208	212	216	220	224	228	232	236	240	244	248	252	256	260	264	268	272	276	280	284	288	292	296	300	304	308	312	316	320	324	328	332	336	340	344	348	352	356	360	364	368	372	376	380	384	388	392	396	400	404	408	412	416	420	424	428	432	436	440	444	448	452	456	460	464	468	472	476	480	484	488	492	496	500
BR730	10517407	797013	203295	88526	48901	31099	20884	15256	11684	9042	7241	5943	4936	4198	3622	3109	2640	2331	2056	1849	1693	1505	1402	1254	1055	1047	1056	851	832	776	721	625	609	585	515	532	486	419	405	399	386	336	310	337	294	290	318	272	261	201	237	258	196	190	160	178	148	171	172	149	163	136	140	125	136	105	130	132	119	104	102	90	97	90	98	88	93	74	76	72	83	67	70	73	71	78	69	59	56	58	51	57	58	49	55	42	41	40	43	40	47	44	48	43	44	42	49	37	34	40	30	36	28	34	36	33	26	33	20	26	22	21	19	33	28
	4	8	12	16	20	24	28	32	36	40	44	48	52	56	60	64	68	72	76	80	84	88	92	96	100	104	108	112	116	120	124	128	132	136	140	144	148	152	156	160	164	168	172	176	180	184	188	192	196	200	204	208	212	216	220	224	228	232	236	240	244	248	252	256	260	264	268	272	276	280	284	288	292	296	300	304	308	312	316	320	324	328	332	336	340	344	348	352	356	360	364	368	372	376	380	384	388	392	396	400	404	408	412	416	420	424	428	432	436	440	444	448	452	456	460	464	468	472	476	480	484	488	492	496	500
BR731	8675610	549940	142161	63549	35691	22950	15855	11533	8832	7112	5501	4633	3835	3398	2913	2367	2057	1937	1684	1549	1339	1236	1128	1001	955	886	803	757	726	675	616	609	510	469	488	485	384	371	343	348	315	298	294	280	269	241	265	238	237	221	208	198	184	172	178	163	152	127	141	128	142	116	125	121	108	132	98	118	103	102	94	84	79	78	91	81	65	81	70	65	60	49	79	74	55	64	67	55	69	63	61	47	48	42	46	43	49	56	36	38	34	49	28	52	44	35	50	39	27	37	39	25	36	26	31	23	29	28	28	20	25	28	28	26	15
	4	8	12	16	20	24	28	32	36	40	44	48	52	56	60	64	68	72	76	80	84	88	92	96	100	104	108	112	116	120	124	128	132	136	140	144	148	152	156	160	164	168	172	176	180	184	188	192	196	200	204	208	212	216	220	224	228	232	236	240	244	248	252	256	260	264	268	272	276	280	284	288	292	296	300	304	308	312	316	320	324	328	332	336	340	344	348	352	356	360	364	368	372	376	380	384	388	392	396	400	404	408	412	416	420	424	428	432	436	440	444	448	452	456	460	464	468	472	476	480	484	488	492	496	500
BR732	9636530	678370	175846	78162	43598	27435	19049	13906	10461	8469	6514	5537	4614	3811	3317	2910	2496	2248	1943	1806	1598	1431	1303	1221	1102	935	990	840	794	735	667	661	593	565	519	491	480	451	402	414	378	372	320	346	277	300	310	262	271	252	197	216	221	192	206	186	179	162	164	169	157	157	133	138	140	133	121	130	122	116	95	94	91	105	78	87	87	74	88	74	81	92	65	74	76	57	66	73	62	73	49	65	47	50	48	64	59	50	57	47	43	44	57	42	40	32	44	40	36	42	40	29	35	44	33	38	38	34	31	19	24	19	19	25	21
	4	8	12	16	20	24	28	32	36	40	44	48	52	56	60	64	68	72	76	80	84	88	92	96	100	104	108	112	116	120	124	128	132	136	140	144	148	152	156	160	164	168	172	176	180	184	188	192	196	200	204	208	212	216	220	224	228	232	236	240	244	248	252	256	260	264	268	272	276	280	284	288	292	296	300	304	308	312	316	320	324	328	332	336	340	344	348	352	356	360	364	368	372	376	380	384	388	392	396	400	404	408	412	416	420	424	428	432	436	440	444	448	452	456	460	464	468	472	476	480	484	488	492	496	500
BR733	9017604	600797	152027	66473	36449	22910	15496	11430	8667	6701	5341	4399	3838	3114	2720	2315	2048	1875	1571	1397	1274	1188	1049	934	873	821	770	717	646	598	559	523	467	483	426	384	364	399	364	337	311	242	259	275	243	259	248	227	185	195	181	185	179	182	125	172	159	154	129	137	133	132	121	105	112	105	93	107	73	104	87	90	83	95	82	69	74	84	69	68	66	74	67	66	57	54	59	63	44	52	54	46	40	47	49	46	43	41	44	39	31	31	39	46	37	34	33	30	32	24	30	29	28	34	23	30	25	28	33	26	32	25	21	26	28
	4	8	12	16	20	24	28	32	36	40	44	48	52	56	60	64	68	72	76	80	84	88	92	96	100	104	108	112	116	120	124	128	132	136	140	144	148	152	156	160	164	168	172	176	180	184	188	192	196	200	204	208	212	216	220	224	228	232	236	240	244	248	252	256	260	264	268	272	276	280	284	288	292	296	300	304	308	312	316	320	324	328	332	336	340	344	348	352	356	360	364	368	372	376	380	384	388	392	396	400	404	408	412	416	420	424	428	432	436	440	444	448	452	456	460	464	468	472	476	480	484	488	492	496	500
BR734	5356697	1281870	358685	134889	66405	38980	25792	17989	13115	10375	8150	6657	5382	4506	3901	3270	2891	2475	2322	2010	1833	1642	1473	1255	1216	1135	997	939	877	832	757	667	691	614	580	568	520	473	466	409	390	383	369	365	338	336	301	300	282	271	237	208	254	251	212	210	211	200	192	160	195	173	152	146	137	127	138	135	125	136	129	113	124	100	99	110	104	112	111	95	105	86	86	83	83	72	95	74	66	80	82	62	78	63	73	58	53	56	50	58	59	45	59	47	47	46	52	53	42	37	44	50	57	38	49	43	31	38	50	45	43	34	27	29	37
	4	8	12	16	20	24	28	32	36	40	44	48	52	56	60	64	68	72	76	80	84	88	92	96	100	104	108	112	116	120	124	128	132	136	140	144	148	152	156	160	164	168	172	176	180	184	188	192	196	200	204	208	212	216	220	224	228	232	236	240	244	248	252	256	260	264	268	272	276	280	284	288	292	296	300	304	308	312	316	320	324	328	332	336	340	344	348	352	356	360	364	368	372	376	380	384	388	392	396	400	404	408	412	416	420	424	428	432	436	440	444	448	452	456	460	464	468	472	476	480	484	488	492	496	500
BR735	10049978	723586	182496	78907	43704	27273	19003	13740	10338	7987	6514	5306	4353	3737	3179	2662	2381	2147	1853	1672	1506	1425	1235	1063	1030	907	829	765	695	652	651	581	533	520	440	487	479	412	364	349	333	334	326	300	264	265	281	210	262	226	214	186	196	168	193	163	184	158	147	163	138	144	132	128	98	129	100	115	98	110	88	92	86	99	95	90	78	89	81	79	67	70	71	71	62	80	63	62	60	63	52	50	61	52	65	40	56	45	35	37	35	39	49	47	38	36	39	44	35	37	32	28	31	34	43	32	36	30	31	31	28	24	20	24	24
	4	8	12	16	20	24	28	32	36	40	44	48	52	56	60	64	68	72	76	80	84	88	92	96	100	104	108	112	116	120	124	128	132	136	140	144	148	152	156	160	164	168	172	176	180	184	188	192	196	200	204	208	212	216	220	224	228	232	236	240	244	248	252	256	260	264	268	272	276	280	284	288	292	296	300	304	308	312	316	320	324	328	332	336	340	344	348	352	356	360	364	368	372	376	380	384	388	392	396	400	404	408	412	416	420	424	428	432	436	440	444	448	452	456	460	464	468	472	476	480	484	488	492	496	500
BR736	9793633	626826	158489	68849	37934	24058	16494	11649	9073	6968	5396	4607	3817	3225	2836	2389	2061	1886	1564	1485	1346	1238	1090	977	932	837	790	748	665	597	566	529	499	469	435	433	392	410	352	325	303	311	289	262	260	246	265	236	202	197	209	202	191	177	139	178	171	127	151	141	119	117	116	133	100	108	133	115	91	85	85	82	88	98	66	95	68	67	81	72	66	79	57	72	54	64	65	47	47	73	54	65	53	46	41	44	37	49	39	28	46	46	47	46	48	41	36	38	37	34	39	41	33	22	34	27	31	22	21	25	28	40	23	25	26
	4	8	12	16	20	24	28	32	36	40	44	48	52	56	60	64	68	72	76	80	84	88	92	96	100	104	108	112	116	120	124	128	132	136	140	144	148	152	156	160	164	168	172	176	180	184	188	192	196	200	204	208	212	216	220	224	228	232	236	240	244	248	252	256	260	264	268	272	276	280	284	288	292	296	300	304	308	312	316	320	324	328	332	336	340	344	348	352	356	360	364	368	372	376	380	384	388	392	396	400	404	408	412	416	420	424	428	432	436	440	444	448	452	456	460	464	468	472	476	480	484	488	492	496	500
BR737	9820994	845192	210731	88933	48544	30121	20526	14660	11112	8885	7064	5761	4661	3951	3459	3068	2615	2339	2044	1740	1519	1467	1331	1197	1121	1022	945	863	791	754	727	644	650	629	542	483	481	432	411	384	378	326	364	344	317	292	301	258	262	296	256	235	205	230	211	183	187	185	159	163	174	137	147	144	148	153	131	137	129	115	116	122	101	116	85	89	98	110	96	81	89	95	71	77	58	92	69	88	63	52	60	45	54	56	80	59	52	53	44	42	47	48	48	41	28	43	50	48	40	47	42	32	40	44	40	40	31	36	33	35	36	22	22	27	27
	4	8	12	16	20	24	28	32	36	40	44	48	52	56	60	64	68	72	76	80	84	88	92	96	100	104	108	112	116	120	124	128	132	136	140	144	148	152	156	160	164	168	172	176	180	184	188	192	196	200	204	208	212	216	220	224	228	232	236	240	244	248	252	256	260	264	268	272	276	280	284	288	292	296	300	304	308	312	316	320	324	328	332	336	340	344	348	352	356	360	364	368	372	376	380	384	388	392	396	400	404	408	412	416	420	424	428	432	436	440	444	448	452	456	460	464	468	472	476	480	484	488	492	496	500
BR738	10146156	916008	231459	98062	53461	33409	22887	16696	12543	9713	7830	6371	5445	4484	3890	3343	2985	2590	2267	1975	1782	1617	1561	1381	1267	1185	1040	984	949	858	793	772	678	659	582	610	545	522	492	476	442	390	416	380	324	345	287	320	284	288	305	256	258	244	198	214	201	212	202	189	171	164	152	149	176	144	149	147	125	125	122	136	127	118	100	99	95	100	117	80	90	103	106	82	87	84	70	67	70	70	71	87	69	55	55	75	68	56	59	44	50	54	58	48	44	46	49	49	45	42	47	35	42	46	39	43	42	44	33	45	40	40	40	40	31
	4	8	12	16	20	24	28	32	36	40	44	48	52	56	60	64	68	72	76	80	84	88	92	96	100	104	108	112	116	120	124	128	132	136	140	144	148	152	156	160	164	168	172	176	180	184	188	192	196	200	204	208	212	216	220	224	228	232	236	240	244	248	252	256	260	264	268	272	276	280	284	288	292	296	300	304	308	312	316	320	324	328	332	336	340	344	348	352	356	360	364	368	372	376	380	384	388	392	396	400	404	408	412	416	420	424	428	432	436	440	444	448	452	456	460	464	468	472	476	480	484	488	492	496	500
BR739	9348663	569348	143832	62748	35109	22305	15151	11145	8347	6614	5178	4339	3534	3148	2678	2256	1938	1630	1519	1354	1216	1186	1007	988	892	775	759	692	606	535	558	511	430	414	387	352	338	386	305	322	251	297	272	269	248	212	233	195	197	188	170	139	158	153	148	147	138	152	128	127	132	117	110	119	107	102	91	85	66	96	75	89	76	67	73	73	81	54	71	62	70	53	48	53	51	55	48	59	46	38	41	44	30	38	41	38	41	37	34	39	43	38	33	29	32	30	21	32	26	31	23	35	24	29	26	18	19	16	21	28	24	22	15	21	20
	4	8	12	16	20	24	28	32	36	40	44	48	52	56	60	64	68	72	76	80	84	88	92	96	100	104	108	112	116	120	124	128	132	136	140	144	148	152	156	160	164	168	172	176	180	184	188	192	196	200	204	208	212	216	220	224	228	232	236	240	244	248	252	256	260	264	268	272	276	280	284	288	292	296	300	304	308	312	316	320	324	328	332	336	340	344	348	352	356	360	364	368	372	376	380	384	388	392	396	400	404	408	412	416	420	424	428	432	436	440	444	448	452	456	460	464	468	472	476	480	484	488	492	496	500
BR740	9341816	577442	147318	64194	36110	22717	15257	11421	8542	6657	5285	4285	3620	3108	2625	2205	2006	1774	1533	1385	1310	1138	992	928	830	783	712	685	618	626	516	497	450	431	435	386	351	336	311	327	301	264	242	254	208	235	230	200	202	204	165	157	167	153	139	144	159	126	132	120	100	106	95	112	107	107	111	93	89	84	84	89	77	77	79	66	56	71	65	49	66	61	65	50	49	57	43	43	51	47	50	42	52	57	35	54	38	26	37	33	37	39	30	31	36	31	30	24	35	26	26	21	29	21	17	24	21	28	23	14	28	25	12	22	17
	4	8	12	16	20	24	28	32	36	40	44	48	52	56	60	64	68	72	76	80	84	88	92	96	100	104	108	112	116	120	124	128	132	136	140	144	148	152	156	160	164	168	172	176	180	184	188	192	196	200	204	208	212	216	220	224	228	232	236	240	244	248	252	256	260	264	268	272	276	280	284	288	292	296	300	304	308	312	316	320	324	328	332	336	340	344	348	352	356	360	364	368	372	376	380	384	388	392	396	400	404	408	412	416	420	424	428	432	436	440	444	448	452	456	460	464	468	472	476	480	484	488	492	496	500
BR741	9343807	522709	136140	60910	34209	21573	14935	10947	8245	6537	5382	4293	3506	2998	2601	2279	2069	1857	1589	1340	1309	1117	1094	972	897	828	778	713	710	633	554	542	462	462	484	430	408	392	363	327	328	289	304	297	258	239	221	238	209	225	205	201	181	174	177	174	159	143	139	154	143	149	132	127	128	104	103	105	95	107	100	106	92	105	82	88	81	88	82	70	54	72	65	69	60	52	68	49	51	48	57	45	67	49	39	52	50	39	38	40	35	36	42	44	42	43	37	40	35	24	28	27	33	23	35	30	28	39	28	17	27	22	31	21	20
	4	8	12	16	20	24	28	32	36	40	44	48	52	56	60	64	68	72	76	80	84	88	92	96	100	104	108	112	116	120	124	128	132	136	140	144	148	152	156	160	164	168	172	176	180	184	188	192	196	200	204	208	212	216	220	224	228	232	236	240	244	248	252	256	260	264	268	272	276	280	284	288	292	296	300	304	308	312	316	320	324	328	332	336	340	344	348	352	356	360	364	368	372	376	380	384	388	392	396	400	404	408	412	416	420	424	428	432	436	440	444	448	452	456	460	464	468	472	476	480	484	488	492	496	500
BR742	9489918	750564	190638	82614	45635	28741	20179	14416	10993	8513	7083	5795	4577	4008	3539	3030	2637	2313	2047	1744	1641	1436	1334	1222	1129	1053	982	859	766	798	680	645	597	601	525	524	460	449	472	408	387	362	368	332	301	319	310	284	265	241	239	229	236	226	196	198	188	214	154	170	185	167	162	142	138	132	132	132	119	116	118	103	96	100	86	112	100	93	109	91	87	77	92	88	79	71	79	75	63	65	75	67	57	50	59	57	55	57	59	52	37	49	48	50	48	43	45	42	43	39	38	46	39	32	41	26	35	38	25	28	28	40	22	37	33
	4	8	12	16	20	24	28	32	36	40	44	48	52	56	60	64	68	72	76	80	84	88	92	96	100	104	108	112	116	120	124	128	132	136	140	144	148	152	156	160	164	168	172	176	180	184	188	192	196	200	204	208	212	216	220	224	228	232	236	240	244	248	252	256	260	264	268	272	276	280	284	288	292	296	300	304	308	312	316	320	324	328	332	336	340	344	348	352	356	360	364	368	372	376	380	384	388	392	396	400	404	408	412	416	420	424	428	432	436	440	444	448	452	456	460	464	468	472	476	480	484	488	492	496	500
BR743	9311117	736221	183540	79124	43982	27458	18823	13872	10266	8116	6481	5394	4410	3765	3295	2734	2585	2226	1983	1715	1490	1401	1278	1198	1076	928	829	886	801	748	704	651	604	547	472	516	421	451	415	391	390	358	370	317	317	298	290	247	284	290	266	202	222	189	187	218	195	180	198	170	174	156	146	153	134	140	129	131	111	121	137	114	125	102	105	93	87	96	99	102	80	93	85	65	76	74	77	72	74	62	74	68	51	61	58	65	61	54	53	58	55	50	46	45	56	31	36	40	37	45	46	31	33	42	45	38	45	32	39	35	24	21	36	37	28
	4	8	12	16	20	24	28	32	36	40	44	48	52	56	60	64	68	72	76	80	84	88	92	96	100	104	108	112	116	120	124	128	132	136	140	144	148	152	156	160	164	168	172	176	180	184	188	192	196	200	204	208	212	216	220	224	228	232	236	240	244	248	252	256	260	264	268	272	276	280	284	288	292	296	300	304	308	312	316	320	324	328	332	336	340	344	348	352	356	360	364	368	372	376	380	384	388	392	396	400	404	408	412	416	420	424	428	432	436	440	444	448	452	456	460	464	468	472	476	480	484	488	492	496	500
BR744	9826297	750240	189744	82927	45930	28899	19828	14266	10793	8402	6845	5548	4722	4013	3413	2895	2519	2194	2019	1734	1575	1392	1266	1243	1089	1039	899	875	812	757	695	621	602	535	565	462	452	426	452	417	362	372	320	273	294	292	265	259	267	223	250	230	232	170	193	211	194	170	188	178	154	155	140	127	153	112	129	125	134	105	105	88	113	106	91	83	91	86	77	77	80	98	80	65	79	69	72	56	61	63	69	70	62	68	53	54	62	41	62	56	54	41	46	48	33	55	33	38	36	40	32	40	42	29	29	35	24	27	35	33	28	20	28	28	28
	4	8	12	16	20	24	28	32	36	40	44	48	52	56	60	64	68	72	76	80	84	88	92	96	100	104	108	112	116	120	124	128	132	136	140	144	148	152	156	160	164	168	172	176	180	184	188	192	196	200	204	208	212	216	220	224	228	232	236	240	244	248	252	256	260	264	268	272	276	280	284	288	292	296	300	304	308	312	316	320	324	328	332	336	340	344	348	352	356	360	364	368	372	376	380	384	388	392	396	400	404	408	412	416	420	424	428	432	436	440	444	448	452	456	460	464	468	472	476	480	484	488	492	496	500
BR745	7994518	691200	172986	74171	40691	25547	17471	12491	9649	7456	6069	4949	4125	3565	2993	2632	2182	2111	1823	1640	1456	1313	1183	1094	978	894	831	758	753	657	637	605	536	555	458	442	447	398	393	376	331	327	279	303	279	261	267	232	235	198	200	193	200	183	180	154	171	150	165	147	129	149	121	115	142	108	118	128	98	96	113	95	98	87	74	82	91	77	70	67	83	58	73	74	50	66	55	59	64	53	50	59	56	50	47	36	50	37	39	41	38	41	39	33	40	37	42	26	31	32	36	30	19	27	33	34	31	39	26	22	21	27	31	29	29
	4	8	12	16	20	24	28	32	36	40	44	48	52	56	60	64	68	72	76	80	84	88	92	96	100	104	108	112	116	120	124	128	132	136	140	144	148	152	156	160	164	168	172	176	180	184	188	192	196	200	204	208	212	216	220	224	228	232	236	240	244	248	252	256	260	264	268	272	276	280	284	288	292	296	300	304	308	312	316	320	324	328	332	336	340	344	348	352	356	360	364	368	372	376	380	384	388	392	396	400	404	408	412	416	420	424	428	432	436	440	444	448	452	456	460	464	468	472	476	480	484	488	492	496	500
BR746	9299331	601537	151756	66098	36159	22735	15643	11325	8572	6658	5175	4481	3632	3037	2652	2270	1881	1747	1516	1316	1228	1121	979	936	864	793	707	599	655	556	489	470	444	433	403	347	328	334	342	289	301	291	224	214	211	222	193	186	175	156	161	165	152	152	134	134	127	111	115	119	105	102	104	106	109	86	85	87	92	64	66	65	64	62	76	71	51	62	68	63	49	44	61	47	40	35	50	46	40	50	39	39	41	41	38	45	25	35	30	28	38	35	28	31	30	24	31	29	24	17	26	24	23	23	19	20	16	13	26	19	22	23	17	21	17
	4	8	12	16	20	24	28	32	36	40	44	48	52	56	60	64	68	72	76	80	84	88	92	96	100	104	108	112	116	120	124	128	132	136	140	144	148	152	156	160	164	168	172	176	180	184	188	192	196	200	204	208	212	216	220	224	228	232	236	240	244	248	252	256	260	264	268	272	276	280	284	288	292	296	300	304	308	312	316	320	324	328	332	336	340	344	348	352	356	360	364	368	372	376	380	384	388	392	396	400	404	408	412	416	420	424	428	432	436	440	444	448	452	456	460	464	468	472	476	480	484	488	492	496	500
BR747	5762162	862532	194519	70724	35579	21225	14026	9960	7489	5748	4606	3738	3031	2612	2244	1892	1627	1459	1232	1106	991	842	832	725	655	562	572	480	420	430	412	354	307	317	280	273	274	252	251	198	185	216	170	156	154	162	149	138	126	137	123	108	131	116	86	114	68	89	104	68	84	84	72	70	76	73	57	51	63	56	57	67	47	50	36	44	54	46	41	40	35	38	46	29	33	30	34	22	29	36	31	31	34	27	27	14	23	19	29	25	18	18	23	19	22	19	21	23	20	22	13	18	18	9	11	16	13	11	10	16	12	14	12	9	10
	4	8	12	16	20	24	28	32	36	40	44	48	52	56	60	64	68	72	76	80	84	88	92	96	100	104	108	112	116	120	124	128	132	136	140	144	148	152	156	160	164	168	172	176	180	184	188	192	196	200	204	208	212	216	220	224	228	232	236	240	244	248	252	256	260	264	268	272	276	280	284	288	292	296	300	304	308	312	316	320	324	328	332	336	340	344	348	352	356	360	364	368	372	376	380	384	388	392	396	400	404	408	412	416	420	424	428	432	436	440	444	448	452	456	460	464	468	472	476	480	484	488	492	496	500
BR748	6893663	1210666	313636	123157	63305	38859	25895	18622	13902	10743	8563	7099	5878	4981	4329	3688	3187	2756	2440	2189	1961	1796	1637	1483	1370	1294	1139	1050	1000	879	860	775	707	697	613	632	562	593	553	497	472	474	378	406	371	356	346	309	304	298	295	274	259	234	237	278	216	237	188	197	185	179	182	175	150	173	157	152	137	126	129	133	137	118	109	110	116	109	121	87	120	97	97	82	106	110	91	95	87	99	64	74	72	86	64	60	69	56	52	66	49	45	66	60	58	62	57	61	55	53	45	43	42	44	42	35	48	49	40	51	31	39	31	43	33
	4	8	12	16	20	24	28	32	36	40	44	48	52	56	60	64	68	72	76	80	84	88	92	96	100	104	108	112	116	120	124	128	132	136	140	144	148	152	156	160	164	168	172	176	180	184	188	192	196	200	204	208	212	216	220	224	228	232	236	240	244	248	252	256	260	264	268	272	276	280	284	288	292	296	300	304	308	312	316	320	324	328	332	336	340	344	348	352	356	360	364	368	372	376	380	384	388	392	396	400	404	408	412	416	420	424	428	432	436	440	444	448	452	456	460	464	468	472	476	480	484	488	492	496	500
BR749	8279585	879457	210089	87336	46852	29546	19846	14407	10847	8597	6933	5568	4716	3978	3269	3024	2652	2296	2028	1801	1589	1432	1389	1241	1111	1012	942	855	853	738	723	612	544	576	522	516	477	468	437	426	363	369	361	328	311	309	302	312	280	243	222	238	213	224	205	194	181	175	160	166	163	151	173	157	134	126	134	129	114	110	134	124	111	110	104	99	88	100	85	62	89	87	85	83	68	60	78	58	63	69	61	48	53	59	58	60	59	46	40	62	49	54	60	45	41	54	45	35	45	38	35	35	29	38	31	45	42	17	29	21	36	38	37	25	25
	4	8	12	16	20	24	28	32	36	40	44	48	52	56	60	64	68	72	76	80	84	88	92	96	100	104	108	112	116	120	124	128	132	136	140	144	148	152	156	160	164	168	172	176	180	184	188	192	196	200	204	208	212	216	220	224	228	232	236	240	244	248	252	256	260	264	268	272	276	280	284	288	292	296	300	304	308	312	316	320	324	328	332	336	340	344	348	352	356	360	364	368	372	376	380	384	388	392	396	400	404	408	412	416	420	424	428	432	436	440	444	448	452	456	460	464	468	472	476	481	485	489	493	497
BR750	9119647	633382	158355	68569	38225	24223	16256	11898	9139	6992	5800	4709	3830	3201	2821	2321	2061	1807	1595	1434	1299	1128	1038	934	881	760	709	716	552	605	548	510	514	459	377	379	384	350	341	275	306	263	298	220	258	210	229	204	190	184	181	194	168	144	124	163	126	109	109	113	124	101	104	104	99	88	97	84	75	76	83	73	64	67	63	65	64	63	60	73	55	44	44	57	61	45	52	53	50	50	48	35	41	35	37	37	39	28	34	32	32	37	37	40	19	23	16	27	21	21	37	22	26	23	27	24	27	29	25	21	32	14	24	18
	4	8	12	16	20	24	28	32	36	40	44	48	52	56	60	64	68	72	76	80	84	88	92	96	100	104	108	112	116	120	124	128	132	136	140	144	148	152	156	160	164	168	172	176	180	184	188	192	196	200	204	208	212	216	220	224	228	232	236	240	244	248	252	256	260	264	268	272	276	280	284	288	292	296	300	304	308	312	316	320	324	328	332	336	340	344	348	352	356	360	364	368	372	376	380	384	388	392	396	400	404	408	412	416	420	424	428	432	436	440	444	448	452	456	460	464	468	472	476	480	484	488	492	496	500
BR751	9272173	517905	132711	58743	32732	20503	14458	10286	7786	5956	4921	4018	3419	2845	2419	2096	1786	1615	1411	1275	1135	1041	1022	941	836	715	671	607	509	545	506	480	426	430	400	338	350	338	312	282	249	267	255	223	218	215	170	180	197	165	162	149	148	144	133	151	132	117	140	113	119	107	124	113	80	99	86	84	78	71	79	65	74	55	59	68	58	73	47	58	61	42	45	56	60	47	43	53	55	38	41	33	33	35	38	32	39	34	25	37	22	36	34	27	26	25	30	26	18	32	27	24	26	22	18	22	18	25	27	21	18	14	12	13	17
	4	8	12	16	20	24	28	32	36	40	44	48	52	56	60	64	68	72	76	80	84	88	92	96	100	104	108	112	116	120	124	128	132	136	140	144	148	152	156	160	164	168	172	176	180	184	188	192	196	200	204	208	212	216	220	224	228	232	236	240	244	248	252	256	260	264	268	272	276	280	284	288	292	296	300	304	308	312	316	320	324	328	332	336	340	344	348	352	356	360	364	368	372	376	380	384	388	392	396	400	404	408	412	416	420	424	428	432	436	440	444	448	452	456	460	464	468	472	476	480	484	488	494	499
BR752	8215740	467777	118779	52549	28821	18364	12592	9166	7118	5410	4457	3569	2987	2511	2179	1970	1611	1441	1270	1147	1025	920	875	796	752	633	554	568	523	477	437	363	373	364	334	297	282	272	259	244	240	223	216	197	179	187	154	171	151	156	145	134	140	140	133	111	111	89	90	85	114	76	77	95	80	91	82	66	71	69	52	64	65	55	45	35	54	64	41	47	50	43	36	42	50	36	37	39	42	30	33	24	26	31	24	26	33	20	20	32	31	28	24	30	23	16	28	28	18	22	20	23	17	13	20	17	23	16	19	24	17	16	16	14
	4	8	12	16	20	24	28	32	36	40	44	48	52	56	60	64	68	72	76	80	84	88	92	96	100	104	108	112	116	120	124	128	132	136	140	144	148	152	156	160	164	168	172	176	180	184	188	192	196	200	204	208	212	216	220	224	228	232	236	240	244	248	252	256	260	264	268	272	276	280	284	288	292	296	300	304	308	312	316	320	324	328	332	336	340	344	348	352	356	360	364	368	372	376	380	384	388	392	396	400	404	408	412	416	420	424	428	432	436	440	444	448	452	456	460	464	468	472	476	480	484	488	492	496	500
BR753	9882235	646891	167585	73509	41225	26026	17931	12919	9991	7823	6176	5070	4233	3607	3000	2695	2251	2099	1746	1694	1476	1336	1222	1156	1009	931	835	798	788	656	601	598	544	508	492	517	404	421	370	400	349	304	345	316	273	255	243	242	213	211	219	237	178	193	170	163	173	161	149	153	121	119	127	128	122	120	111	113	98	91	89	99	89	100	94	75	77	77	80	77	73	63	70	62	57	65	57	64	52	55	49	56	55	46	45	49	61	52	45	47	42	32	46	45	36	25	31	29	35	34	35	31	32	29	31	30	23	21	39	20	37	23	29	25	25
	4	8	12	16	20	24	28	32	36	40	44	48	52	56	60	64	68	72	76	80	84	88	92	96	100	104	108	112	116	120	124	128	132	136	140	144	148	152	156	160	164	168	172	176	180	184	188	192	196	200	204	208	212	216	220	224	228	232	236	240	244	248	252	256	260	264	268	272	276	280	284	288	292	296	300	304	308	312	316	320	324	328	332	336	340	344	348	352	356	360	364	368	372	376	380	384	388	392	396	400	404	408	412	416	420	424	428	432	436	440	444	448	452	456	460	464	468	472	476	480	484	488	492	496	500
BR754	9638661	832163	202821	86297	46944	29071	20233	14512	10799	8552	6811	5465	4620	3812	3412	2946	2626	2188	1981	1722	1692	1466	1285	1192	1072	1017	922	848	786	720	670	608	640	495	512	501	485	451	468	410	380	364	361	291	316	304	273	275	269	251	234	214	220	188	196	199	182	179	174	173	150	172	143	155	136	129	142	117	131	107	136	129	107	122	97	107	96	95	84	87	71	94	86	79	73	65	59	80	61	64	76	57	51	63	64	54	63	59	58	58	51	52	57	52	41	39	40	45	36	36	47	39	29	35	38	34	39	43	27	29	33	25	33	29	23
	4	8	12	16	20	24	28	32	36	40	44	48	52	56	60	64	68	72	76	80	84	88	92	96	100	104	108	112	116	120	124	128	132	136	140	144	148	152	156	160	164	168	172	176	180	184	188	192	196	200	204	208	212	216	220	224	228	232	236	240	244	248	252	256	260	264	268	272	276	280	284	288	292	296	300	304	308	312	316	320	324	328	332	336	340	344	348	352	356	360	364	368	372	376	380	384	388	392	396	400	404	408	412	416	420	424	428	432	436	440	444	448	452	456	460	464	468	472	476	480	484	488	492	496	500
BR755	8839815	603876	151045	65143	36472	23015	16075	11564	8679	6723	5483	4627	3800	3218	2757	2417	2052	1765	1672	1527	1311	1144	1088	948	901	801	801	708	683	633	543	538	505	436	443	406	389	372	332	325	332	317	292	268	237	240	221	244	195	238	170	197	164	159	168	141	135	140	159	131	133	133	116	94	117	115	102	102	109	82	97	90	95	77	72	89	62	78	78	78	58	49	46	53	57	48	52	57	47	53	43	49	35	42	41	35	36	40	37	35	33	29	39	48	38	22	36	25	43	30	26	37	46	33	28	33	17	48	15	28	24	26	14	25	21
	4	8	12	16	20	24	28	32	36	40	44	48	52	56	60	64	68	72	76	80	84	88	92	96	100	104	108	112	116	120	124	128	132	136	140	144	148	152	156	160	164	168	172	176	180	184	188	192	196	200	204	208	212	216	220	224	228	232	236	240	244	248	252	256	260	264	268	272	276	280	284	288	292	296	300	304	308	312	316	320	324	328	332	336	340	344	348	352	356	360	364	368	372	376	380	384	388	392	396	400	404	408	412	416	420	424	428	432	436	440	444	448	452	456	460	464	468	472	476	480	484	488	492	496	500
BR756	9445082	825887	207122	88415	48285	30575	20796	15123	11443	8812	7188	5844	4950	4108	3520	3060	2650	2356	1999	1813	1640	1441	1283	1279	1118	1031	947	926	840	767	674	749	624	566	544	505	433	430	482	385	415	378	348	346	315	298	295	275	242	246	249	210	213	225	201	185	198	175	163	148	156	172	146	146	139	145	138	122	94	108	112	114	116	92	94	114	98	92	89	91	95	83	93	84	79	73	68	66	66	53	63	59	59	56	70	44	60	59	55	45	50	51	46	47	43	41	42	45	28	42	37	34	33	34	32	31	35	36	38	39	31	28	34	40	25
	4	8	12	16	20	24	28	32	36	40	44	48	52	56	60	64	68	72	76	80	84	88	92	96	100	104	108	112	116	120	124	128	132	136	140	144	148	152	156	160	164	168	172	176	180	184	188	192	196	200	204	208	212	216	220	224	228	232	236	240	244	248	252	256	260	264	268	272	276	280	284	288	292	296	300	304	308	312	316	320	324	328	332	336	340	344	348	352	356	360	364	368	372	376	380	384	388	392	396	400	404	408	412	416	420	424	428	432	436	440	444	448	452	456	460	464	468	472	476	480	484	488	492	496	500
BR757	9215504	683506	173458	74755	41128	25780	17736	12755	9686	7308	5766	4838	3969	3459	2940	2451	2166	1983	1779	1492	1351	1173	1160	1021	926	833	860	772	702	637	604	576	533	448	438	432	437	398	344	355	331	286	285	321	273	225	228	234	220	233	190	198	196	172	168	194	165	146	138	118	143	134	139	115	116	107	111	111	116	108	93	80	80	80	84	74	74	73	74	70	59	61	63	71	62	76	50	54	56	51	50	58	64	58	40	41	42	46	54	29	41	32	27	32	38	36	38	42	32	34	41	27	33	20	44	29	21	25	25	22	27	39	24	23	35
	4	8	12	16	20	24	28	32	36	40	44	48	52	56	60	64	68	72	76	80	84	88	92	96	100	104	108	112	116	120	124	128	132	136	140	144	148	152	156	160	164	168	172	176	180	184	188	192	196	200	204	208	212	216	220	224	228	232	236	240	244	248	252	256	260	264	268	272	276	280	284	288	292	296	300	304	308	312	316	320	324	328	332	336	340	344	348	352	356	360	364	368	372	376	380	384	388	392	396	400	404	408	412	416	420	424	428	432	436	440	444	448	452	456	460	464	468	472	476	480	484	488	492	496	500
BR758	9492472	687749	175238	75781	41429	25926	17734	13038	9813	7559	6039	4954	4121	3479	2947	2597	2214	2052	1689	1648	1410	1251	1200	1009	961	877	785	761	762	644	623	607	586	481	468	405	409	379	386	326	354	297	295	278	276	273	225	204	218	183	204	200	167	164	197	173	173	147	141	143	134	131	126	126	136	118	105	102	93	107	112	93	87	80	82	76	87	67	77	68	62	65	66	58	71	52	50	60	66	58	49	57	57	58	42	46	39	48	39	47	42	32	33	48	42	35	46	25	27	24	36	31	31	38	28	33	31	26	31	34	22	26	23	18	24
	4	8	12	16	20	24	28	32	36	40	44	48	52	56	60	64	68	72	76	80	84	88	92	96	100	104	108	112	116	120	124	128	132	136	140	144	148	152	156	160	164	168	172	176	180	184	188	192	196	200	204	208	212	216	220	224	228	232	236	240	244	248	252	256	260	264	268	272	276	280	284	288	292	296	300	304	308	312	316	320	324	328	332	336	340	344	348	352	356	360	364	368	372	376	380	384	388	392	396	400	404	408	412	416	420	424	428	432	436	440	444	448	452	456	460	464	468	472	476	480	484	488	492	496	500
BR759	8640793	660597	157829	66572	36031	22480	15125	10989	8201	6425	5021	4095	3487	2913	2443	2179	1910	1577	1490	1310	1187	1123	1017	870	847	750	657	573	577	581	480	495	434	431	389	383	379	320	288	295	263	257	241	235	224	253	214	195	157	177	169	162	155	161	134	127	132	110	109	130	117	123	107	93	104	84	78	92	93	100	80	98	71	57	72	69	77	54	62	59	61	52	50	42	45	34	51	54	49	45	40	47	36	43	40	40	26	41	28	31	39	29	39	41	52	23	38	33	25	35	20	26	35	18	19	23	24	28	23	29	23	15	25	24	18
	4	8	12	16	20	24	28	32	36	40	44	48	52	56	60	64	68	72	76	80	84	88	92	96	100	104	108	112	116	120	124	128	132	136	140	144	148	152	156	160	164	168	172	176	180	184	188	192	196	200	204	208	212	216	220	224	228	232	236	240	244	248	252	256	260	264	268	272	276	280	284	288	292	296	300	304	308	312	316	320	324	328	332	336	340	344	348	352	356	360	364	368	372	376	380	384	388	392	396	400	404	408	412	416	420	424	428	432	436	440	444	448	452	456	460	464	468	472	476	480	484	488	492	496	500
BR760	9207267	644968	162384	69634	38344	24135	16427	11728	9238	6792	5490	4596	3792	3188	2610	2325	1969	1830	1650	1388	1367	1218	1009	960	881	808	726	756	662	596	560	494	467	462	461	400	400	363	319	326	306	290	253	260	274	250	196	198	217	213	193	161	178	165	192	171	150	132	123	155	114	130	119	114	123	100	96	98	111	100	79	83	87	87	87	77	78	66	81	65	58	62	58	54	47	55	50	53	49	51	53	50	66	33	31	44	42	53	34	42	50	40	25	25	33	34	32	30	28	27	25	36	32	30	23	28	30	22	29	22	26	22	19	22	27
	4	8	12	16	20	24	28	32	36	40	44	48	52	56	60	64	68	72	76	80	84	88	92	96	100	104	108	112	116	120	124	128	132	136	140	144	148	152	156	160	164	168	172	176	180	184	188	192	196	200	204	208	212	216	220	224	228	232	236	240	244	248	252	256	260	264	268	272	276	280	284	288	292	296	300	304	308	312	316	320	324	328	332	336	340	344	348	352	356	360	364	368	372	376	380	384	388	392	396	400	404	408	412	416	420	424	428	432	436	440	444	448	452	456	460	464	468	472	476	480	484	488	492	496	500
BR761	9483780	649975	155363	66152	36010	22287	15286	11109	8267	6335	5070	4221	3512	2962	2565	2226	1882	1752	1461	1374	1196	1100	977	851	797	743	674	640	615	537	503	475	438	397	336	375	342	331	309	285	270	244	234	235	188	199	190	179	196	183	163	140	140	131	123	148	138	127	115	130	93	101	94	98	95	93	99	89	76	79	84	63	64	77	40	59	57	48	65	59	48	48	53	56	38	41	49	38	41	31	35	32	29	47	30	35	23	40	25	28	24	21	25	21	35	22	24	32	13	21	28	15	25	20	20	22	12	14	16	15	21	20	15	15	20

