Sample	r_processed	r_with_adapters	bp_processed	quality_trimmed	bp_written	percent_trimmed
BR701_1	28470501	12909259	4299045651	2314857	4176716930	2.8454855084301127
BR701_2	28470501	13426618	4299045651	22194732	4162135650	3.1846603203237303
BR702_1	23915284	10737805	3611207884	1316330	3512190496	2.741946494930725
BR702_2	23915284	11222775	3611207884	9208820	3507840318	2.862409734371304
BR703_1	27321914	12552872	4125609014	1569216	4000739989	3.0266810203357775
BR703_2	27321914	13037995	4125609014	13964788	3995878506	3.1445177562819824
BR704_1	34237778	15534933	5169904478	1787252	5024150038	2.8192869059813987
BR704_2	34237778	16251597	5169904478	26254870	5003400515	3.2206390603257877
BR705_1	23283806	10543855	3515854706	1410100	3411375995	2.971644727573677
BR705_2	23283806	10998811	3515854706	15202913	3402431730	3.226042754452777
BR707_1	30584051	13992212	4618191701	1703611	4488956645	2.7983908933883384
BR707_2	30584051	14629869	4618191701	15067501	4478413967	3.026676739506791
BR708_1	23895930	10893010	3608285430	1401936	3502986762	2.9182466310598936
BR708_2	23895930	11364337	3608285430	16475795	3490163530	3.27362960307716
BR709_1	36160676	16264878	5460262076	2001668	5315682924	2.6478427223389565
BR709_2	36160676	16981370	5460262076	22892949	5298247885	2.9671504544098006
BR710_1	30404196	13642775	4591033596	2219675	4468540947	2.668084352654778
BR710_2	30404196	14272224	4591033596	23317887	4451023137	3.0496500640288495
BR711_1	30083383	13459121	4542590833	1841774	4422152620	2.6513110563484465
BR711_2	30083383	14231238	4542590833	8880174	4417690602	2.749537336549281
BR712_1	27069735	12594101	4087529985	1925116	3949444432	3.3782150469044203
BR712_2	27069735	13655835	4087529985	12318163	3941593949	3.5702743841767806
BR713_1	28763025	13042078	4343216775	1684423	4222588566	2.7773932375272703
BR713_2	28763025	13654578	4343216775	14456767	4211514393	3.03236952753757
BR714_1	28228327	12294624	4262477377	2868749	4144813361	2.7604607741710483
BR714_2	28228327	12774298	4262477377	11352020	4146909551	2.7112830351568573
BR715_1	26298382	11424065	3971055682	1406598	3871333346	2.511229858901787
BR715_2	26298382	11893663	3971055682	7168742	3870837210	2.523723665076525
BR716_1	28281103	13147726	4270446553	1824422	4143804240	2.9655519962200074
BR716_2	28281103	13725823	4270446553	8535869	4139879687	3.057452291687773
BR717_1	28915646	12908756	4366262546	1531354	4251313211	2.63267116415862
BR717_2	28915646	13506353	4366262546	17532294	4237707729	2.9442759258206093
BR718_1	34822364	15938726	5258176964	1862354	5109215666	2.8329456961958575
BR718_2	34822364	16665140	5258176964	24235881	5090931728	3.1806695960413855
BR719_1	26032562	11868937	3930916862	1641079	3815995199	2.9235332884025773
BR719_2	26032562	12353174	3930916862	14194375	3806973799	3.1530319096328934
BR720_1	32981046	15172156	4980137946	1909440	4828795200	3.038926785583461
BR720_2	32981046	15826040	4980137946	14574258	4820888812	3.197685199220383
BR721_1	28000039	12246134	4228005889	1757449	4118675397	2.585864231751547
BR721_2	28000039	12775491	4228005889	22393849	4101381164	2.994904177627554
BR722_1	28037571	12748484	4233673221	1510022	4112015066	2.8735839695077874
BR722_2	28037571	13241007	4233673221	16648573	4103513156	3.0744003659606016
BR723_1	30174655	13841761	4556372905	1700157	4412669868	3.1538910443942254
BR723_2	30174655	14373651	4556372905	11122167	4414722880	3.108833011550884
BR724_1	27746109	12872718	4189662459	1617829	4063959166	3.0003202938215505
BR724_2	27746109	13457829	4189662459	11904467	4058542479	3.129607248391463
BR725_1	24879757	11234212	3756843307	1832478	3645499452	2.9637609530463176
BR725_2	24879757	11730062	3756843307	9852068	3642435998	3.0453042528238723
BR726_1	21815925	9784691	3294204675	1202985	3210976011	2.5265176942898973
BR726_2	21815925	10217660	3294204675	11119688	3203827089	2.7435328073535685
BR727_1	27363594	12224999	4131902694	1552484	4028822125	2.4947482221613035
BR727_2	27363594	12784819	4131902694	11707350	4021343366	2.6757485881878322
BR729_1	25833042	11488039	3900789342	1376710	3800740589	2.56483353055675
BR729_2	25833042	11991860	3900789342	10811983	3796794225	2.666001875063573
BR730_1	25907389	11873093	3912015739	1412979	3810292670	2.6002724883208863
BR730_2	25907389	12443660	3912015739	8973700	3804880043	2.738631517555865
BR731_1	20271408	9164551	3060982608	1178493	2972388229	2.894311740565107
BR731_2	20271408	9537297	3060982608	12094134	2966239836	3.095175116395173
BR732_1	23382097	10236699	3530696647	1340828	3445374495	2.4165812169815677
BR732_2	23382097	10713090	3530696647	10635343	3439285264	2.5890466426129075
BR733_1	20422748	8981917	3083834948	1194082	3002209895	2.64686840821158
BR733_2	20422748	9355036	3083834948	10087864	2999636407	2.7303193076077688
BR734_1	27587510	12248465	4165714010	1612157	4066222573	2.3883405524518952
BR734_2	27587510	12718879	4165714010	22985932	4047597235	2.8354508906865648
BR735_1	23727918	10486727	3582915618	1253670	3499884369	2.317421280670529
BR735_2	23727918	10904233	3582915618	12957488	3490889461	2.568471234367764
BR736_1	21571654	9628039	3257319754	1247951	3160887697	2.9604725443850297
BR736_2	21571654	9969967	3257319754	8830227	3162021923	2.9256517074497808
BR737_1	25262515	11099276	3814639765	1373871	3723833660	2.3804634406939864
BR737_2	25262515	11543102	3814639765	13771344	3715675813	2.5943197286415325
BR738_1	27484545	12016169	4150166295	1556798	4054855185	2.296561227313423
BR738_2	27484545	12558928	4150166295	9566230	4049861541	2.4168851768866286
BR739_1	19662985	8717290	2969110735	1738738	2891627688	2.6096381683116983
BR739_2	19662985	9058012	2969110735	13574208	2882649440	2.9120266206575147
BR740_1	19553702	8491723	2952609002	1206407	2881851703	2.3964330851823368
BR740_2	19553702	8841354	2952609002	7435788	2879231470	2.485176057862605
BR741_1	20290620	8502724	3063883620	1455187	2992538511	2.328584171222535
BR741_2	20290620	8948758	3063883620	8495873	2991336880	2.36780338281909
BR742_1	26366528	11791864	3981345728	1482504	3881154020	2.516528702729129
BR742_2	26366528	12376375	3981345728	17049061	3869012477	2.821489483065561
BR743_1	25212354	11168026	3807065454	1456864	3711288151	2.515777681189298
BR743_2	25212354	11662714	3807065454	17073907	3698499766	2.8516895575286845
BR744_1	25058336	11367345	3783808736	1424028	3685798498	2.5902534942506144
BR744_2	25058336	11776100	3783808736	16612935	3673915744	2.904295636152366
BR745_1	21815798	9533565	3294185498	1368711	3213490536	2.4496180330158204
BR745_2	21815798	9975754	3294185498	15228861	3203164216	2.763089147689521
BR746_1	20136212	8902646	3040568012	1236795	2965252172	2.47703191320688
BR746_2	20136212	9277387	3040568012	12198828	2956575305	2.762401849539684
BR747_1	18478832	8681767	2790303632	1030741	2719122889	2.551003488784478
BR747_2	18478832	8926690	2790303632	19242604	2703358634	3.115969065261927
BR748_1	28979931	12771325	4375969581	1656228	4270114191	2.4190156727691385
BR748_2	28979931	13285352	4375969581	21940186	4255771282	2.746780953914497
BR749_1	24161778	10527969	3648428478	1660448	3565281451	2.2789819644643177
BR749_2	24161778	10950087	3648428478	12580521	3557360969	2.496074941557344
BR750_1	20522810	8834400	3098944310	1219850	3027047241	2.3200503722508006
BR750_2	20522810	9216713	3098944310	15556145	3017857903	2.6165816125943873
BR751_1	18913944	8473579	2856005544	1907589	2777018312	2.7656540151310014
BR751_2	18913944	8809528	2856005544	12483059	2769252011	3.0375827939919433
BR752_1	17726710	7601708	2676733210	1019994	2614197626	2.3362651072723084
BR752_2	17726710	8055340	2676733210	6397210	2611160103	2.449743842794105
BR753_1	23154373	10381117	3496310323	1337423	3404430500	2.6279081234746564
BR753_2	23154373	10862013	3496310323	9673126	3398330533	2.8023768186551785
BR754_1	25909349	11334751	3912311699	1687106	3820577133	2.3447662931214723
BR754_2	25909349	11842764	3912311699	24152999	3801268179	2.8383096374550907
BR755_1	20793881	9306933	3139876031	1187824	3055603353	2.683949212261113
BR755_2	20793881	9675459	3139876031	14737886	3047765140	2.933583685807626
BR756_1	25704306	11423662	3881350206	1433586	3787551811	2.4166434364773735
BR756_2	25704306	11865794	3881350206	17813163	3773053715	2.790175718557667
BR757_1	22366127	9868605	3377285177	1213366	3295285377	2.4279797441576845
BR757_2	22366127	10310888	3377285177	9127276	3289368040	2.603189615100721
BR758_1	23277021	10549358	3514830171	1323875	3421784777	2.6472230370529615
BR758_2	23277021	10990395	3514830171	14359477	3411554980	2.938269730699885
BR759_1	20878005	9459918	3152578755	1751587	3074453069	2.4781517630952887
BR759_2	20878005	9837119	3152578755	14962641	3062522713	2.856583419436258
BR760_1	21368981	9023694	3226716131	1128605	3160601655	2.0489709449436533
BR760_2	21368981	9414101	3226716131	10448858	3153226481	2.2775368832096374
BR761_1	20324306	9388568	3068970206	1113425	2987304148	2.66102479067208
BR761_2	20324306	9748356	3068970206	6885012	2982040209	2.8325461364873217
