	4	8	12	16	20	24	28	32	36	40	44	48	52	56	60	64	68	72	76	80	84	88	92	96	100	104	108	112	116	120	124	128	132	136	140	144	148	152	156	160	164	168	172	176	180	184	188	192	196	200	204	208	212	216	220	224	228	232	236	240	244	248	252	256	260	264	268	272	276	280	284	288	292	296	300	304	308	312	316	320	324	328	332	336	340	344	348	352	356	360	364	368	372	376	380	384	388	392	396	400	404	408	412	416	420	424	428	432	436	440	444	448	452	456	460	464	468	472	476	480	484	488	492	496	500
SRR7443455	12212068	1265798	346839	144665	74139	44663	28975	20125	14667	11204	8555	6786	5500	4614	3827	3157	2709	2278	2069	1800	1599	1380	1241	1114	968	922	881	735	646	656	581	497	508	475	411	368	379	324	334	322	287	288	270	241	218	191	218	225	182	175	148	139	148	159	151	122	122	118	108	106	88	103	113	96	84	74	94	70	62	93	91	76	78	73	74	59	55	58	44	43	54	47	45	49	37	35	61	41	42	43	31	38	37	35	31	31	35	34	31	28	21	26	30	29	27	27	19	15	21	30	27	28	25	17	20	26	18	28	18	17	19	20	24	18	16
	4	8	12	16	20	24	28	32	36	40	44	48	52	56	60	64	68	72	76	80	84	88	92	96	100	104	108	112	116	120	124	128	132	136	140	144	148	152	156	160	164	168	172	176	180	184	188	192	196	200	204	208	212	216	220	224	228	232	236	240	244	248	252	256	260	264	268	272	276	280	284	288	292	296	300	304	308	312	316	320	324	328	332	336	340	344	348	352	356	360	364	368	372	376	380	384	388	392	396	400	404	408	412	416	420	424	428	432	436	440	444	448	452	456	460	464	468	472	476	480	484	488	492	496	500
SRR7443456	17783281	1002540	278593	122796	66206	41238	27698	19597	14433	10996	8896	7140	5806	4831	4248	3524	3070	2632	2288	1990	1950	1685	1501	1388	1208	1069	1045	976	827	801	742	670	614	599	538	539	460	463	441	405	394	354	336	295	294	273	263	271	232	242	230	195	212	187	182	186	175	186	150	155	152	143	141	122	107	125	107	124	108	96	103	99	80	96	85	88	69	71	84	65	71	68	62	81	65	67	52	57	46	40	50	43	44	49	48	43	46	29	46	32	40	34	47	60	35	35	29	27	38	32	23	28	26	24	24	19	33	28	31	19	22	26	22	21	27
	4	8	12	16	20	24	28	32	36	40	44	48	52	56	60	64	68	72	76	80	84	88	92	96	100	104	108	112	116	120	124	128	132	136	140	144	148	152	156	160	164	168	172	176	180	184	188	192	196	200	204	208	212	216	220	224	228	232	236	240	244	248	252	256	260	264	268	272	276	280	284	288	292	296	300	304	308	312	316	320	324	328	332	336	340	344	348	352	356	360	364	368	372	376	380	384	388	392	396	400	404	408	412	416	420	424	428	432	436	440	444	448	452	456	460	464	468	472	476	480	484	488	492	496	500
SRR7443457	14629501	947872	273802	121158	66200	41207	27312	19290	13994	10938	8502	6737	5323	4560	3755	3176	2764	2354	2089	1828	1661	1393	1299	1077	967	935	832	752	695	611	525	511	486	435	391	376	339	361	314	294	266	284	237	228	249	223	182	186	173	168	164	158	131	117	115	148	116	112	101	105	90	80	84	87	82	72	82	65	68	49	56	60	53	65	54	45	46	45	50	55	48	45	51	33	33	24	35	29	39	31	28	39	33	24	27	20	17	23	24	20	19	32	25	20	26	21	22	26	22	19	15	13	16	22	12	17	18	19	13	8	18	18	12	15	19
	4	8	12	16	20	24	28	32	36	40	44	48	52	56	60	64	68	72	76	80	84	88	92	96	100	104	108	112	116	120	124	128	132	136	140	144	148	152	156	160	164	168	172	176	180	184	188	192	196	200	204	208	212	216	220	224	228	232	236	240	244	248	252	256	260	264	268	272	276	280	284	288	292	296	300	304	308	312	316	320	324	328	332	336	340	344	348	352	356	360	364	368	372	376	380	384	388	392	396	400	404	408	412	416	420	424	428	432	436	440	444	448	452	456	460	464	468	472	476	480	484	488	492	496	500
SRR7443458	18938325	981652	286928	127907	70637	43050	28761	20382	14927	11545	8976	7281	5915	4994	4117	3491	2910	2533	2276	1935	1672	1551	1371	1203	1055	996	954	853	730	664	661	578	535	471	444	458	386	392	332	313	307	275	279	289	244	224	219	220	202	192	189	169	148	151	138	137	121	111	121	124	95	94	88	96	76	89	78	60	81	71	54	52	57	56	61	51	41	57	44	43	44	55	34	37	46	30	37	44	39	45	42	30	30	31	28	32	25	34	23	30	27	16	28	23	30	23	25	25	20	21	26	25	22	20	13	15	21	25	13	16	29	15	14	10	15
	4	8	12	16	20	24	28	32	36	40	44	48	52	56	60	64	68	72	76	80	84	88	92	96	100	104	108	112	116	120	124	128	132	136	140	144	148	152	156	160	164	168	172	176	180	184	188	192	196	200	204	208	212	216	220	224	228	232	236	240	244	248	252	256	260	264	268	272	276	280	284	288	292	296	300	304	308	312	316	320	324	328	332	336	340	344	348	352	356	360	364	368	372	376	380	384	388	392	396	400	404	408	412	416	420	424	428	432	436	440	444	448	452	456	460	464	468	472	476	480	484	488	492	496	500
SRR7443459	17481365	989432	282228	122984	67014	40851	26900	18603	13470	10347	7865	6255	5162	4243	3611	2984	2395	2097	1912	1615	1381	1249	1154	999	878	781	724	676	596	503	500	476	416	399	369	314	345	273	235	245	224	223	200	211	180	168	170	171	164	128	131	121	127	97	101	89	104	95	88	74	90	69	73	60	54	73	54	62	64	50	46	38	44	54	48	48	48	48	32	27	26	32	34	29	28	31	27	26	33	31	22	23	27	18	25	16	26	20	20	20	16	19	22	16	18	17	20	16	13	16	20	12	28	16	12	17	9	12	13	15	16	11	17	18	10
	4	8	12	16	20	24	28	32	36	40	44	48	52	56	60	64	68	72	76	80	84	88	92	96	100	104	108	112	116	120	124	128	132	136	140	144	148	152	156	160	164	168	172	176	180	184	188	192	196	200	204	208	212	216	220	224	228	232	236	240	244	248	252	256	260	264	268	272	276	280	284	288	292	296	300	304	308	312	316	320	324	328	332	336	340	344	348	352	356	360	364	368	372	376	380	384	388	392	396	400	404	408	412	416	420	424	428	432	436	440	444	448	452	456	460	464	468	472	476	480	484	488	492	496	500
SRR7443460	14159438	783302	221114	97273	53410	32745	22164	15801	11838	9072	7062	5839	4795	4042	3384	2868	2436	2186	1866	1620	1503	1336	1261	1137	963	899	789	772	703	609	557	571	523	477	423	395	373	322	329	296	277	295	239	220	209	226	220	218	197	190	157	163	141	168	119	121	127	119	118	103	101	105	97	105	101	91	81	77	78	78	76	77	79	63	62	70	60	80	60	53	57	50	57	52	51	41	41	52	42	37	38	46	45	23	31	39	26	31	39	27	31	38	28	33	35	23	24	24	28	31	28	31	23	33	20	19	23	32	22	26	11	15	19	16	27
	4	8	12	16	20	24	28	32	36	40	44	48	52	56	60	64	68	72	76	80	84	88	92	96	100	104	108	112	116	120	124	128	132	136	140	144	148	152	156	160	164	168	172	176	180	184	188	192	196	200	204	208	212	216	220	224	228	232	236	240	244	248	252	256	260	264	268	272	276	280	284	288	292	296	300	304	308	312	316	320	324	328	332	336	340	344	348	352	356	360	364	368	372	376	380	384	388	392	396	400	404	408	412	416	420	424	428	432	436	440	444	448	452	456	460	464	468	473	477	481	485	490	494	498
SRR7443461	15120961	962448	273689	119515	64633	39115	26037	17893	13230	9836	7641	6263	4845	4090	3387	2686	2361	2031	1735	1538	1338	1124	1052	907	860	744	726	619	574	506	417	420	411	351	338	282	272	277	267	212	217	219	175	180	144	162	152	139	135	135	134	94	105	99	106	103	93	82	74	77	70	67	63	62	54	59	62	43	58	52	45	42	34	41	46	51	40	36	47	41	31	37	40	27	35	32	24	25	33	18	25	28	31	28	27	17	24	21	25	13	22	14	19	15	17	17	19	16	11	15	17	11	23	13	18	12	10	18	11	15	17	7	19	15
	4	8	12	16	20	24	28	32	36	40	44	48	52	56	60	64	68	72	76	80	84	88	92	96	100	104	108	112	116	120	124	128	132	136	140	144	148	152	156	160	164	168	172	176	180	184	188	192	196	200	204	208	212	216	220	224	228	232	236	240	244	248	252	256	260	264	268	272	276	280	284	288	292	296	300	304	308	312	316	320	324	328	332	336	340	344	348	352	356	360	364	368	372	376	380	384	388	392	396	400	404	408	412	416	420	424	428	432	436	440	444	448	452	456	460	464	468	472	476	480	484	488	492	496	500
SRR7443462	16331740	1008043	288343	126707	68121	41267	27405	18841	13773	10350	8053	6509	5281	4187	3720	2970	2647	2090	1889	1696	1425	1272	1159	999	880	772	714	683	573	511	477	445	440	403	348	322	324	284	273	244	230	210	184	183	173	164	168	156	129	129	131	130	108	114	100	94	105	89	91	89	62	81	58	61	52	52	64	59	53	64	56	62	43	48	47	47	49	43	40	33	34	37	52	29	31	32	21	22	24	23	26	23	27	28	22	15	20	24	13	24	21	22	17	26	19	16	18	10	16	18	18	19	12	12	22	20	15	13	8	21	11	11	14	9	8
	4	8	12	16	20	24	28	32	36	40	44	48	52	56	60	64	68	72	76	80	84	88	92	96	100	104	108	112	116	120	124	128	132	136	140	144	148	152	156	160	164	168	172	176	180	184	188	192	196	200	204	208	212	216	220	224	228	232	236	240	244	248	252	256	260	264	268	272	276	280	284	288	292	296	300	304	308	312	316	320	324	328	332	336	340	344	348	352	356	360	364	368	372	376	380	384	388	392	396	400	404	408	412	416	420	424	428	432	436	440	444	448	452	456	460	464	468	472	477	481	485	489	493	497
SRR7443463	15651850	1146222	333487	147545	80715	49471	33158	23464	17329	13022	10176	8251	6597	5475	4524	3964	3340	2816	2420	2053	1870	1706	1452	1387	1171	1097	960	910	845	768	656	656	606	527	471	490	441	423	413	362	326	323	277	289	275	255	259	233	238	209	205	198	157	184	162	152	137	138	152	127	150	129	106	111	110	93	100	75	95	84	84	82	79	72	78	67	84	94	69	58	65	65	57	49	63	56	48	35	47	54	42	42	36	41	43	42	37	40	24	35	41	33	39	28	44	29	29	25	24	23	25	31	12	28	31	25	19	25	20	21	17	11	25	23
	4	8	12	16	20	24	28	32	36	40	44	48	52	56	60	64	68	72	76	80	84	88	92	96	100	104	108	112	116	120	124	128	132	136	140	144	148	152	156	160	164	168	172	176	180	184	188	192	196	200	204	208	212	216	220	224	228	232	236	240	244	248	252	256	260	264	268	272	276	280	284	288	292	296	300	304	308	312	316	320	324	328	332	336	340	344	348	352	356	360	364	368	372	376	380	384	388	392	396	400	404	408	412	416	420	424	428	432	436	440	444	448	452	456	460	464	468	472	476	480	484	488	492	496	500
SRR7443464	14812136	776404	210544	92442	50207	30631	20672	15074	11098	8433	6754	5507	4688	3907	3190	2744	2369	2131	1809	1688	1445	1396	1150	1091	1000	922	820	818	749	636	652	582	542	478	441	448	428	377	385	327	332	290	277	290	267	235	242	197	219	190	197	194	162	177	168	157	155	143	162	130	120	125	105	129	109	134	100	100	103	85	85	78	82	88	85	86	79	74	64	66	70	74	46	41	59	53	47	61	47	36	46	52	43	37	44	35	52	35	42	40	41	46	31	34	38	32	32	32	38	27	34	39	41	31	35	27	28	20	24	27	22	21	30	32	28
	4	8	12	16	20	24	28	32	36	40	44	48	52	56	60	64	68	72	76	80	84	88	92	96	100	104	108	112	116	120	124	128	132	136	140	144	148	152	156	160	164	168	172	176	180	184	188	192	196	200	204	208	212	216	220	224	228	232	236	240	244	248	252	256	260	264	268	272	276	280	284	288	292	296	300	304	308	312	316	320	324	328	332	336	340	344	348	352	356	360	364	368	372	376	380	384	388	392	396	400	404	408	412	416	420	424	428	432	436	440	444	448	452	456	460	464	468	472	476	480	484	488	492	496	500
SRR7443465	17070343	1111275	322981	143487	78702	48541	32495	23146	17026	13134	10262	8084	6617	5485	4469	3796	3325	2943	2460	2259	1903	1761	1609	1418	1218	1166	1029	913	822	802	728	645	608	605	552	497	448	412	368	376	327	345	304	282	268	246	222	217	205	192	186	191	180	148	168	152	140	141	154	109	102	137	96	107	106	86	82	88	79	70	81	75	72	55	82	63	57	69	64	59	66	43	48	35	45	54	46	53	38	33	42	41	26	42	34	41	30	40	25	39	29	29	21	29	21	26	30	31	22	31	18	25	18	24	19	17	19	19	19	18	19	22	15	15	11
	4	8	12	16	20	24	28	32	36	40	44	48	52	56	60	64	68	72	76	80	84	88	92	96	100	104	108	112	116	120	124	128	132	136	140	144	148	152	156	160	164	168	172	176	180	184	188	192	196	200	204	208	212	216	220	224	228	232	236	240	244	248	252	256	260	264	268	272	276	280	284	288	292	296	300	304	308	312	316	320	324	328	332	336	340	344	348	352	356	360	364	368	372	376	380	384	388	392	396	400	404	408	412	416	420	424	428	432	436	440	444	448	452	456	460	464	468	472	476	480	484	488	492	496	500
SRR7443466	14131299	822979	231873	102586	56009	34105	22482	16150	11876	8848	6852	5550	4523	3647	3085	2717	2256	1936	1749	1465	1351	1173	1018	898	799	772	651	583	542	565	477	459	462	355	356	303	326	285	276	230	220	252	175	199	175	179	157	162	153	123	144	122	129	115	103	117	96	81	93	86	74	66	71	73	64	71	56	72	64	48	54	44	58	51	51	29	38	35	36	33	43	36	31	28	33	32	26	31	29	26	26	37	25	28	33	32	23	19	23	20	22	28	19	15	20	22	22	17	11	18	16	14	17	17	17	21	11	8	10	14	18	15	11	9	12
	4	8	12	16	20	24	28	32	36	40	44	48	52	56	60	64	68	72	76	80	84	88	92	96	100	104	108	112	116	120	124	128	132	136	140	144	148	152	156	160	164	168	172	176	180	184	188	192	196	200	204	208	212	216	220	224	228	232	236	240	244	248	252	256	260	264	268	272	276	280	284	288	292	296	300	304	308	312	316	320	324	328	332	336	340	344	348	352	356	360	364	368	372	376	380	384	388	392	396	400	404	408	412	416	420	424	428	432	436	440	444	448	452	456	460	464	468	472	476	480	484	488	492	496	500
SRR7443467	10041779	1328766	366841	150573	76580	44806	29323	20065	14497	10869	8489	6899	5393	4565	3726	3174	2608	2375	2030	1848	1542	1406	1221	1198	1004	922	891	829	688	627	584	571	492	453	426	381	435	363	367	304	265	271	261	218	259	231	212	166	171	195	180	154	151	151	139	128	145	131	135	116	114	99	94	96	84	84	81	82	95	80	70	73	83	73	62	59	69	60	55	59	61	56	52	59	46	54	47	44	40	44	45	30	43	40	34	37	34	27	32	25	26	26	28	30	24	29	23	38	21	20	27	23	15	32	27	20	20	21	23	17	18	10	23	14	15
	4	8	12	16	20	24	28	32	36	40	44	48	52	56	60	64	68	72	76	80	84	88	92	96	100	104	108	112	116	120	124	128	132	136	140	144	148	152	156	160	164	168	172	176	180	184	188	192	196	200	204	208	212	216	220	224	228	232	236	240	244	248	252	256	260	264	268	272	276	280	284	288	292	296	300	304	308	312	316	320	324	328	332	336	340	344	348	352	356	360	364	368	372	376	380	384	388	392	396	400	404	408	412	416	420	424	428	432	436	440	444	448	452	456	460	464	468	472	476	480	484	488	492	496	500
SRR7443468	15036621	1119112	305515	129230	68245	41091	26686	18501	13542	10225	7926	6282	5219	4246	3444	2954	2574	2159	1913	1674	1484	1337	1177	1051	963	833	749	708	645	568	534	511	473	426	416	380	340	330	318	307	253	214	256	228	190	205	186	182	183	206	149	145	133	138	130	134	127	115	121	101	124	102	94	98	92	84	72	74	100	65	75	55	71	65	56	66	43	56	60	48	42	46	56	57	52	59	45	44	38	23	47	30	25	29	36	32	34	32	28	20	30	43	22	24	20	25	18	27	33	34	24	24	31	21	28	17	20	20	23	15	15	15	15	14	15
	4	8	12	16	20	24	28	32	36	40	44	48	52	56	60	64	68	72	76	80	84	88	92	96	100	104	108	112	116	120	124	128	132	136	140	144	148	152	156	160	164	168	172	176	180	184	188	192	196	200	204	208	212	216	220	224	228	232	236	240	244	248	252	256	260	264	268	272	276	280	284	288	292	296	300	304	308	312	316	320	324	328	332	336	340	344	348	352	356	360	364	368	372	376	380	384	388	392	396	400	404	408	412	416	420	424	428	432	436	440	444	448	452	456	460	464	468	472	476	480	484	488	492	496	500
SRR7443469	11586804	888762	238049	102490	55503	34214	23022	16663	12597	9797	7583	6201	5192	4437	3766	3173	2885	2477	2157	1939	1809	1603	1438	1289	1198	1116	1032	898	834	787	769	702	654	613	581	502	516	483	445	468	438	395	405	345	340	326	308	307	286	284	260	224	263	228	210	198	200	182	200	170	184	170	167	158	169	172	153	125	124	146	120	103	137	114	129	117	92	78	89	95	90	77	84	80	85	86	85	68	79	82	68	73	75	69	60	66	63	70	65	44	53	61	61	50	46	54	53	40	54	43	49	53	42	40	36	44	39	33	38	40	28	42	38	35	29
	4	8	12	16	20	24	28	32	36	40	44	48	52	56	60	64	68	72	76	80	84	88	92	96	100	104	108	112	116	120	124	128	132	136	140	144	148	152	156	160	164	168	172	176	180	184	188	192	196	200	204	208	212	216	220	224	228	232	236	240	244	248	252	256	260	264	268	272	276	280	284	288	292	296	300	304	308	312	316	320	324	328	332	336	340	344	348	352	356	360	364	368	372	376	380	384	388	392	396	400	404	408	412	416	420	424	428	432	436	440	444	448	452	456	460	464	468	472	476	480	484	488	492	496	500
SRR7443470	13800431	745150	201264	87446	47323	29344	19786	14037	10429	8330	6504	5311	4364	3755	3161	2760	2293	2072	1846	1640	1482	1347	1239	1064	960	941	853	749	679	646	599	563	540	516	463	422	399	386	384	340	315	341	297	297	279	270	231	211	211	220	198	216	215	169	184	166	142	172	147	119	116	112	110	128	92	118	108	129	117	108	101	83	74	93	79	75	79	80	67	85	74	81	71	66	60	60	52	58	43	52	59	64	39	67	38	46	47	48	36	49	36	42	40	46	42	32	31	23	28	35	21	28	30	37	29	24	36	41	29	30	24	23	31	18	19
	4	8	12	16	20	24	28	32	36	40	44	48	52	56	60	64	68	72	76	80	84	88	92	96	100	104	108	112	116	120	124	128	132	136	140	144	148	152	156	160	164	168	172	176	180	184	188	192	196	200	204	208	212	216	220	224	228	232	236	240	244	248	252	256	260	264	268	272	276	280	284	288	292	296	300	304	308	312	316	320	324	328	332	336	340	344	348	352	356	360	364	368	372	376	380	384	388	392	396	400	404	408	412	416	420	424	428	432	436	440	444	448	452	456	460	464	468	472	476	480	484	488	492	496	500
SRR7443471	12835184	802521	217542	95664	52363	32751	21969	15609	12028	9396	7484	5989	5010	4219	3660	3029	2688	2390	2175	1928	1615	1616	1379	1293	1145	1131	962	904	896	741	712	660	620	585	563	533	494	478	448	416	422	373	404	333	353	299	308	277	260	264	237	238	215	239	191	216	180	198	218	167	169	170	148	143	163	145	134	147	133	117	113	118	115	120	131	100	108	111	108	96	87	73	88	83	87	76	83	60	82	74	68	57	75	65	67	66	61	50	51	51	50	41	63	47	48	53	51	48	44	44	47	50	45	50	42	29	28	28	29	28	27	38	36	30	25
	4	8	12	16	20	24	28	32	36	40	44	48	52	56	60	64	68	72	76	80	84	88	92	96	100	104	108	112	116	120	124	128	132	136	140	144	148	152	156	160	164	168	172	176	180	184	188	192	196	200	204	208	212	216	220	224	228	232	236	240	244	248	252	256	260	264	268	272	276	280	284	288	292	296	300	304	308	312	316	320	324	328	332	336	340	344	348	352	356	360	364	368	372	376	380	384	388	392	396	400	404	408	412	416	420	424	428	432	436	440	444	448	452	456	460	464	468	472	476	480	484	488	492	496	500
SRR7443472	15222494	987385	278261	121871	65895	39751	26294	18373	13434	10299	7951	6274	5118	4259	3589	3052	2590	2123	1889	1714	1540	1299	1169	1038	914	844	779	689	651	602	549	508	475	455	392	378	342	306	334	275	244	241	230	226	225	164	196	163	159	157	147	129	143	147	106	125	114	105	108	107	82	81	91	73	70	73	76	67	67	57	56	70	66	67	73	48	38	53	56	40	46	39	45	28	33	34	38	38	38	33	29	31	37	30	37	22	23	27	27	20	31	27	26	24	23	27	24	22	23	21	22	22	28	18	14	16	18	23	15	13	27	14	17	27	19

