	12.0	13.0	14.0	15.0	16.0	17.0	18.0	19.0	20.0	21.0	22.0	23.0	24.0	25.0	26.0	27.0	28.0	29.0	30.0	31.0	32.0	33.0	34.0	35.0	36.0	37.0	38.0	39.0	40.0
SRR7443455_1	28.0	89.0	104.0	173.0	288.0	524.0	1377.0	3467.0	7881.0	14164.0	24000.0	38876.0	61164.0	92872.0	136417.0	182476.0	238856.0	303045.0	375812.0	458592.0	557273.0	678240.0	838959.0	1066398.0	1410598.0	1987837.0	3101554.0	6074518.0	18922312.0
	11.0	12.0	13.0	14.0	15.0	16.0	17.0	18.0	19.0	20.0	21.0	22.0	23.0	24.0	25.0	26.0	27.0	28.0	29.0	30.0	31.0	32.0	33.0	34.0	35.0	36.0	37.0	38.0	39.0	40.0
SRR7443455_2	49.0	293.0	1363.0	5169.0	16822.0	40342.0	76807.0	121113.0	166882.0	212986.0	257759.0	304251.0	352654.0	408021.0	459457.0	518272.0	585636.0	660923.0	744363.0	840543.0	949920.0	1080985.0	1241426.0	1459063.0	1773704.0	2236619.0	2981527.0	4319894.0	6960203.0	7800848.0
	12.0	13.0	14.0	15.0	16.0	17.0	18.0	19.0	20.0	21.0	22.0	23.0	24.0	25.0	26.0	27.0	28.0	29.0	30.0	31.0	32.0	33.0	34.0	35.0	36.0	37.0	38.0	39.0	40.0
SRR7443456_1	19.0	61.0	114.0	138.0	169.0	363.0	783.0	2064.0	4867.0	9612.0	17687.0	31154.0	52014.0	82216.0	122118.0	168340.0	224811.0	286661.0	359974.0	443025.0	539903.0	660845.0	821500.0	1048967.0	1397445.0	1977666.0	3106457.0	6089939.0	18226751.0
	11.0	12.0	13.0	14.0	15.0	16.0	17.0	18.0	19.0	20.0	21.0	22.0	23.0	24.0	25.0	26.0	27.0	28.0	29.0	30.0	31.0	32.0	33.0	34.0	35.0	36.0	37.0	38.0	39.0	40.0
SRR7443456_2	36.0	226.0	971.0	4061.0	14150.0	36797.0	70415.0	111887.0	154176.0	195966.0	238250.0	281456.0	328087.0	378461.0	428388.0	487455.0	551277.0	625826.0	707149.0	802356.0	910378.0	1038858.0	1198564.0	1413218.0	1719769.0	2173442.0	2906150.0	4228875.0	6883355.0	7785664.0
	12.0	13.0	14.0	15.0	16.0	17.0	18.0	19.0	20.0	21.0	22.0	23.0	24.0	25.0	26.0	27.0	28.0	29.0	30.0	31.0	32.0	33.0	34.0	35.0	36.0	37.0	38.0	39.0	40.0
SRR7443457_1	22.0	75.0	109.0	163.0	227.0	332.0	782.0	1911.0	4447.0	8628.0	15376.0	26789.0	44371.0	69795.0	103968.0	142848.0	190118.0	244573.0	303904.0	373187.0	453487.0	552670.0	684176.0	870021.0	1152255.0	1626072.0	2552832.0	5066188.0	17263540.0
	10.0	11.0	12.0	13.0	14.0	15.0	16.0	17.0	18.0	19.0	20.0	21.0	22.0	23.0	24.0	25.0	26.0	27.0	28.0	29.0	30.0	31.0	32.0	33.0	34.0	35.0	36.0	37.0	38.0	39.0	40.0
SRR7443457_2	2.0	33.0	276.0	1096.0	3660.0	10943.0	26329.0	51384.0	83029.0	116780.0	150745.0	185107.0	222068.0	259529.0	302751.0	345898.0	395592.0	451266.0	513145.0	581283.0	661413.0	753062.0	858722.0	990448.0	1168866.0	1425159.0	1811884.0	2446429.0	3621358.0	6227605.0	8087004.0
	12.0	13.0	14.0	15.0	16.0	17.0	18.0	19.0	20.0	21.0	22.0	23.0	24.0	25.0	26.0	27.0	28.0	29.0	30.0	31.0	32.0	33.0	34.0	35.0	36.0	37.0	38.0	39.0	40.0
SRR7443458_1	27.0	100.0	118.0	171.0	220.0	382.0	768.0	1893.0	4199.0	8407.0	15955.0	28722.0	48367.0	77785.0	116362.0	161570.0	216866.0	278724.0	349957.0	429375.0	524850.0	642737.0	797460.0	1019076.0	1358172.0	1919446.0	3014969.0	5962247.0	19209129.0
	9.0	10.0	11.0	12.0	13.0	14.0	15.0	16.0	17.0	18.0	19.0	20.0	21.0	22.0	23.0	24.0	25.0	26.0	27.0	28.0	29.0	30.0	31.0	32.0	33.0	34.0	35.0	36.0	37.0	38.0	39.0	40.0
SRR7443458_2	1.0	5.0	82.0	597.0	2635.0	11252.0	40647.0	101756.0	181664.0	259869.0	328177.0	386841.0	440870.0	492785.0	547269.0	603483.0	665751.0	729512.0	807144.0	894057.0	993936.0	1107989.0	1244015.0	1404472.0	1607488.0	1875868.0	2238229.0	2735080.0	3435185.0	4366207.0	5198243.0	3486945.0
	12.0	13.0	14.0	15.0	16.0	17.0	18.0	19.0	20.0	21.0	22.0	23.0	24.0	25.0	26.0	27.0	28.0	29.0	30.0	31.0	32.0	33.0	34.0	35.0	36.0	37.0	38.0	39.0	40.0
SRR7443459_1	21.0	78.0	103.0	164.0	224.0	341.0	827.0	1985.0	4627.0	9208.0	16656.0	29263.0	48092.0	76523.0	114434.0	156681.0	209019.0	267725.0	335274.0	412292.0	503347.0	616784.0	766285.0	979976.0	1303123.0	1843342.0	2889776.0	5672570.0	17593926.0
	9.0	10.0	11.0	12.0	13.0	14.0	15.0	16.0	17.0	18.0	19.0	20.0	21.0	22.0	23.0	24.0	25.0	26.0	27.0	28.0	29.0	30.0	31.0	32.0	33.0	34.0	35.0	36.0	37.0	38.0	39.0	40.0
SRR7443459_2	1.0	2.0	47.0	308.0	1326.0	5313.0	18084.0	45131.0	85934.0	130805.0	176637.0	219707.0	263115.0	305365.0	351971.0	403121.0	452081.0	507892.0	571156.0	643117.0	723914.0	817285.0	925609.0	1051885.0	1210331.0	1422843.0	1723518.0	2171525.0	2876473.0	4096916.0	6283339.0	6367915.0
	12.0	13.0	14.0	15.0	16.0	17.0	18.0	19.0	20.0	21.0	22.0	23.0	24.0	25.0	26.0	27.0	28.0	29.0	30.0	31.0	32.0	33.0	34.0	35.0	36.0	37.0	38.0	39.0	40.0
SRR7443460_1	18.0	71.0	115.0	137.0	234.0	350.0	754.0	1955.0	4577.0	8958.0	16667.0	28983.0	47997.0	76000.0	113812.0	156083.0	207657.0	265021.0	332125.0	406222.0	496704.0	607475.0	758884.0	965812.0	1286668.0	1823443.0	2850037.0	5587324.0	17024951.0
	11.0	12.0	13.0	14.0	15.0	16.0	17.0	18.0	19.0	20.0	21.0	22.0	23.0	24.0	25.0	26.0	27.0	28.0	29.0	30.0	31.0	32.0	33.0	34.0	35.0	36.0	37.0	38.0	39.0	40.0
SRR7443460_2	45.0	239.0	1174.0	4501.0	14898.0	37805.0	73059.0	114904.0	155907.0	197079.0	237793.0	279262.0	322067.0	370646.0	416288.0	471145.0	531123.0	599744.0	676832.0	767223.0	868483.0	991445.0	1141699.0	1344345.0	1628519.0	2055386.0	2732576.0	3932395.0	6254524.0	6847928.0
	12.0	13.0	14.0	15.0	16.0	17.0	18.0	19.0	20.0	21.0	22.0	23.0	24.0	25.0	26.0	27.0	28.0	29.0	30.0	31.0	32.0	33.0	34.0	35.0	36.0	37.0	38.0	39.0	40.0
SRR7443461_1	18.0	66.0	82.0	122.0	202.0	298.0	692.0	1976.0	4719.0	9939.0	18100.0	31880.0	52409.0	82097.0	123728.0	166982.0	221207.0	281993.0	351126.0	426571.0	514397.0	620087.0	752963.0	934124.0	1203080.0	1659636.0	2564497.0	5089587.0	17864676.0
	8.0	9.0	10.0	11.0	12.0	13.0	14.0	15.0	16.0	17.0	18.0	19.0	20.0	21.0	22.0	23.0	24.0	25.0	26.0	27.0	28.0	29.0	30.0	31.0	32.0	33.0	34.0	35.0	36.0	37.0	38.0	39.0	40.0
SRR7443461_2	2.0	2.0	6.0	27.0	192.0	904.0	3094.0	8113.0	19537.0	39142.0	63249.0	89371.0	114735.0	142874.0	172952.0	206436.0	248059.0	287942.0	335190.0	387564.0	449005.0	514117.0	595026.0	695252.0	825244.0	999228.0	1236130.0	1578016.0	2080878.0	2861713.0	4227047.0	6946280.0	7849927.0
	12.0	13.0	14.0	15.0	16.0	17.0	18.0	19.0	20.0	21.0	22.0	23.0	24.0	25.0	26.0	27.0	28.0	29.0	30.0	31.0	32.0	33.0	34.0	35.0	36.0	37.0	38.0	39.0	40.0
SRR7443462_1	17.0	67.0	90.0	125.0	179.0	305.0	686.0	1999.0	4763.0	9823.0	18671.0	32622.0	54063.0	84656.0	125429.0	170899.0	227215.0	290370.0	361616.0	441456.0	531000.0	640248.0	779374.0	966928.0	1244916.0	1716585.0	2656778.0	5269759.0	18002004.0
	8.0	9.0	10.0	11.0	12.0	13.0	14.0	15.0	16.0	17.0	18.0	19.0	20.0	21.0	22.0	23.0	24.0	25.0	26.0	27.0	28.0	29.0	30.0	31.0	32.0	33.0	34.0	35.0	36.0	37.0	38.0	39.0	40.0
SRR7443462_2	2.0	6.0	14.0	34.0	250.0	1194.0	3439.0	9842.0	25673.0	52339.0	82477.0	111080.0	139245.0	169103.0	200366.0	234991.0	277725.0	319029.0	367705.0	422686.0	486159.0	555490.0	637599.0	740868.0	875612.0	1051297.0	1291570.0	1624977.0	2115817.0	2877096.0	4162647.0	6663013.0	8133298.0
	12.0	13.0	14.0	15.0	16.0	17.0	18.0	19.0	20.0	21.0	22.0	23.0	24.0	25.0	26.0	27.0	28.0	29.0	30.0	31.0	32.0	33.0	34.0	35.0	36.0	37.0	38.0	39.0	40.0
SRR7443463_1	27.0	76.0	106.0	159.0	234.0	449.0	1038.0	2644.0	6151.0	11978.0	21382.0	36542.0	59457.0	92540.0	137639.0	186570.0	247025.0	315576.0	393505.0	481552.0	587859.0	720044.0	894258.0	1138355.0	1510989.0	2136607.0	3342007.0	6546393.0	19640133.0
	10.0	11.0	12.0	13.0	14.0	15.0	16.0	17.0	18.0	19.0	20.0	21.0	22.0	23.0	24.0	25.0	26.0	27.0	28.0	29.0	30.0	31.0	32.0	33.0	34.0	35.0	36.0	37.0	38.0	39.0	40.0
SRR7443463_2	2.0	45.0	270.0	1189.0	5068.0	17520.0	44347.0	84713.0	132174.0	180852.0	228090.0	274877.0	321607.0	373490.0	429253.0	482603.0	546027.0	615937.0	696279.0	785155.0	887111.0	1007291.0	1147512.0	1320138.0	1556785.0	1893555.0	2389154.0	3186014.0	4597456.0	7332748.0	7974033.0
	12.0	13.0	14.0	15.0	16.0	17.0	18.0	19.0	20.0	21.0	22.0	23.0	24.0	25.0	26.0	27.0	28.0	29.0	30.0	31.0	32.0	33.0	34.0	35.0	36.0	37.0	38.0	39.0	40.0
SRR7443464_1	9.0	46.0	57.0	99.0	154.0	283.0	665.0	1816.0	4182.0	7915.0	14181.0	24366.0	40554.0	64063.0	95301.0	131707.0	176685.0	228002.0	286015.0	353619.0	434438.0	533621.0	667094.0	856475.0	1145986.0	1628742.0	2561398.0	5062969.0	15385458.0
	9.0	10.0	11.0	12.0	13.0	14.0	15.0	16.0	17.0	18.0	19.0	20.0	21.0	22.0	23.0	24.0	25.0	26.0	27.0	28.0	29.0	30.0	31.0	32.0	33.0	34.0	35.0	36.0	37.0	38.0	39.0	40.0
SRR7443464_2	2.0	2.0	31.0	260.0	987.0	4054.0	13509.0	34635.0	67200.0	105870.0	144760.0	183080.0	221248.0	258167.0	299606.0	344026.0	387055.0	436741.0	493350.0	555277.0	626161.0	708419.0	802023.0	913441.0	1052641.0	1241917.0	1506314.0	1899271.0	2525109.0	3616678.0	5606660.0	5657406.0
	12.0	13.0	14.0	15.0	16.0	17.0	18.0	19.0	20.0	21.0	22.0	23.0	24.0	25.0	26.0	27.0	28.0	29.0	30.0	31.0	32.0	33.0	34.0	35.0	36.0	37.0	38.0	39.0	40.0
SRR7443465_1	29.0	82.0	142.0	161.0	196.0	363.0	833.0	2188.0	5179.0	11128.0	20473.0	35499.0	58506.0	89691.0	133420.0	181413.0	239418.0	307230.0	380365.0	463992.0	557942.0	673274.0	818147.0	1013985.0	1305709.0	1797562.0	2782033.0	5547841.0	19689875.0
	10.0	11.0	12.0	13.0	14.0	15.0	16.0	17.0	18.0	19.0	20.0	21.0	22.0	23.0	24.0	25.0	26.0	27.0	28.0	29.0	30.0	31.0	32.0	33.0	34.0	35.0	36.0	37.0	38.0	39.0	40.0
SRR7443465_2	15.0	67.0	236.0	1058.0	3247.0	8819.0	22881.0	47839.0	78365.0	108861.0	139141.0	171507.0	206471.0	245793.0	292314.0	340108.0	393289.0	453439.0	519624.0	594966.0	686233.0	797880.0	943442.0	1138396.0	1401215.0	1774526.0	2320397.0	3166716.0	4609896.0	7401108.0	8248827.0
	12.0	13.0	14.0	15.0	16.0	17.0	18.0	19.0	20.0	21.0	22.0	23.0	24.0	25.0	26.0	27.0	28.0	29.0	30.0	31.0	32.0	33.0	34.0	35.0	36.0	37.0	38.0	39.0	40.0
SRR7443466_1	22.0	88.0	97.0	143.0	176.0	290.0	605.0	1728.0	4048.0	8285.0	15450.0	26952.0	44352.0	68652.0	101730.0	139825.0	186438.0	237753.0	295586.0	360512.0	435954.0	525086.0	636030.0	786226.0	1011350.0	1391877.0	2152137.0	4279893.0	15312875.0
	9.0	10.0	11.0	12.0	13.0	14.0	15.0	16.0	17.0	18.0	19.0	20.0	21.0	22.0	23.0	24.0	25.0	26.0	27.0	28.0	29.0	30.0	31.0	32.0	33.0	34.0	35.0	36.0	37.0	38.0	39.0	40.0
SRR7443466_2	3.0	5.0	34.0	193.0	764.0	2308.0	6591.0	16784.0	34813.0	56395.0	79247.0	100929.0	125362.0	151351.0	180886.0	215070.0	250915.0	292578.0	338751.0	390506.0	447317.0	516089.0	600997.0	712837.0	860543.0	1061554.0	1345461.0	1765336.0	2420325.0	3542385.0	5781492.0	6726339.0
	12.0	13.0	14.0	15.0	16.0	17.0	18.0	19.0	20.0	21.0	22.0	23.0	24.0	25.0	26.0	27.0	28.0	29.0	30.0	31.0	32.0	33.0	34.0	35.0	36.0	37.0	38.0	39.0	40.0
SRR7443467_1	29.0	83.0	114.0	178.0	277.0	513.0	1258.0	3433.0	7811.0	14732.0	25103.0	40436.0	63097.0	95682.0	139818.0	184609.0	240716.0	304251.0	376492.0	456726.0	548242.0	659898.0	796639.0	980899.0	1263335.0	1729475.0	2665679.0	5272930.0	18506537.0
	8.0	9.0	10.0	11.0	12.0	13.0	14.0	15.0	16.0	17.0	18.0	19.0	20.0	21.0	22.0	23.0	24.0	25.0	26.0	27.0	28.0	29.0	30.0	31.0	32.0	33.0	34.0	35.0	36.0	37.0	38.0	39.0	40.0
SRR7443467_2	2.0	5.0	7.0	54.0	239.0	1119.0	3739.0	9690.0	22765.0	44571.0	70218.0	99005.0	126781.0	157092.0	189293.0	226766.0	271679.0	311306.0	359579.0	414313.0	475889.0	543811.0	624868.0	726883.0	861856.0	1037410.0	1278263.0	1627464.0	2135189.0	2932884.0	4318877.0	7119446.0	8387929.0
	12.0	13.0	14.0	15.0	16.0	17.0	18.0	19.0	20.0	21.0	22.0	23.0	24.0	25.0	26.0	27.0	28.0	29.0	30.0	31.0	32.0	33.0	34.0	35.0	36.0	37.0	38.0	39.0	40.0
SRR7443468_1	20.0	92.0	119.0	148.0	263.0	443.0	931.0	2626.0	5992.0	10966.0	19229.0	31148.0	50414.0	77133.0	114348.0	158035.0	210486.0	270243.0	340191.0	417887.0	512946.0	629975.0	784482.0	1003995.0	1339829.0	1899044.0	2982478.0	5889583.0	18463239.0
	10.0	11.0	12.0	13.0	14.0	15.0	16.0	17.0	18.0	19.0	20.0	21.0	22.0	23.0	24.0	25.0	26.0	27.0	28.0	29.0	30.0	31.0	32.0	33.0	34.0	35.0	36.0	37.0	38.0	39.0	40.0
SRR7443468_2	2.0	43.0	265.0	1165.0	4164.0	13648.0	34269.0	66964.0	106975.0	149552.0	191443.0	232606.0	276507.0	322732.0	372875.0	423620.0	479985.0	544849.0	615163.0	695263.0	789102.0	890646.0	1017277.0	1169093.0	1379107.0	1672718.0	2112533.0	2827505.0	4118876.0	6766287.0	7941051.0
	12.0	13.0	14.0	15.0	16.0	17.0	18.0	19.0	20.0	21.0	22.0	23.0	24.0	25.0	26.0	27.0	28.0	29.0	30.0	31.0	32.0	33.0	34.0	35.0	36.0	37.0	38.0	39.0	40.0
SRR7443469_1	26.0	85.0	116.0	170.0	208.0	411.0	933.0	2610.0	6150.0	12348.0	21045.0	35061.0	56153.0	85735.0	127960.0	170905.0	224341.0	286423.0	353032.0	427749.0	515846.0	619566.0	750274.0	926275.0	1190290.0	1637350.0	2525702.0	5012142.0	17598068.0
	8.0	9.0	10.0	11.0	12.0	13.0	14.0	15.0	16.0	17.0	18.0	19.0	20.0	21.0	22.0	23.0	24.0	25.0	26.0	27.0	28.0	29.0	30.0	31.0	32.0	33.0	34.0	35.0	36.0	37.0	38.0	39.0	40.0
SRR7443469_2	2.0	1.0	15.0	50.0	245.0	1146.0	3333.0	8572.0	21122.0	42539.0	68487.0	95632.0	122768.0	151457.0	182876.0	218173.0	263140.0	301748.0	346714.0	402237.0	461826.0	527356.0	605662.0	706590.0	835421.0	1004307.0	1235949.0	1565915.0	2051370.0	2797222.0	4078819.0	6657484.0	7828796.0
	12.0	13.0	14.0	15.0	16.0	17.0	18.0	19.0	20.0	21.0	22.0	23.0	24.0	25.0	26.0	27.0	28.0	29.0	30.0	31.0	32.0	33.0	34.0	35.0	36.0	37.0	38.0	39.0	40.0
SRR7443470_1	14.0	45.0	84.0	110.0	155.0	317.0	734.0	2021.0	4527.0	9248.0	17279.0	29607.0	48237.0	75415.0	111859.0	152633.0	201329.0	257676.0	319916.0	388503.0	468731.0	563447.0	684260.0	847362.0	1093889.0	1504356.0	2330979.0	4627853.0	15665320.0
	8.0	9.0	10.0	11.0	12.0	13.0	14.0	15.0	16.0	17.0	18.0	19.0	20.0	21.0	22.0	23.0	24.0	25.0	26.0	27.0	28.0	29.0	30.0	31.0	32.0	33.0	34.0	35.0	36.0	37.0	38.0	39.0	40.0
SRR7443470_2	1.0	6.0	9.0	31.0	265.0	1036.0	3051.0	8358.0	22112.0	45039.0	72185.0	99767.0	127661.0	155506.0	186032.0	219543.0	259185.0	297444.0	343576.0	392822.0	448136.0	513082.0	592649.0	688690.0	812719.0	979912.0	1201139.0	1518812.0	1979296.0	2686120.0	3864872.0	5949094.0	5937756.0
	12.0	13.0	14.0	15.0	16.0	17.0	18.0	19.0	20.0	21.0	22.0	23.0	24.0	25.0	26.0	27.0	28.0	29.0	30.0	31.0	32.0	33.0	34.0	35.0	36.0	37.0	38.0	39.0	40.0
SRR7443471_1	52.0	109.0	114.0	189.0	256.0	347.0	818.0	2100.0	4995.0	9762.0	17337.0	29756.0	47973.0	75192.0	112999.0	151846.0	202955.0	259146.0	324167.0	395454.0	478166.0	576280.0	700795.0	868746.0	1120206.0	1541202.0	2388890.0	4760727.0	17044992.0
	8.0	9.0	10.0	11.0	12.0	13.0	14.0	15.0	16.0	17.0	18.0	19.0	20.0	21.0	22.0	23.0	24.0	25.0	26.0	27.0	28.0	29.0	30.0	31.0	32.0	33.0	34.0	35.0	36.0	37.0	38.0	39.0	40.0
SRR7443471_2	1.0	2.0	13.0	62.0	258.0	941.0	2882.0	7923.0	21116.0	43512.0	71492.0	99369.0	127514.0	156448.0	189256.0	224657.0	268131.0	309369.0	356232.0	408832.0	469814.0	537747.0	616837.0	718820.0	852153.0	1024397.0	1262080.0	1593198.0	2082421.0	2830635.0	4089231.0	6350478.0	6399750.0
	12.0	13.0	14.0	15.0	16.0	17.0	18.0	19.0	20.0	21.0	22.0	23.0	24.0	25.0	26.0	27.0	28.0	29.0	30.0	31.0	32.0	33.0	34.0	35.0	36.0	37.0	38.0	39.0	40.0
SRR7443472_1	12.0	55.0	77.0	131.0	195.0	324.0	719.0	2140.0	4893.0	9804.0	17707.0	30712.0	49448.0	77007.0	114333.0	156642.0	207046.0	264954.0	329029.0	402543.0	486007.0	584827.0	710086.0	877618.0	1130689.0	1552253.0	2403197.0	4782875.0	17811016.0
	9.0	10.0	11.0	12.0	13.0	14.0	15.0	16.0	17.0	18.0	19.0	20.0	21.0	22.0	23.0	24.0	25.0	26.0	27.0	28.0	29.0	30.0	31.0	32.0	33.0	34.0	35.0	36.0	37.0	38.0	39.0	40.0
SRR7443472_2	2.0	15.0	53.0	224.0	895.0	2955.0	7533.0	18855.0	38999.0	63993.0	91028.0	116692.0	145601.0	175494.0	211498.0	252007.0	293095.0	341399.0	394186.0	453509.0	519453.0	599125.0	698268.0	827548.0	999358.0	1233391.0	1566986.0	2060501.0	2824741.0	4133515.0	6660120.0	7275300.0

