Sample	-247.5	-242.5	-237.5	-232.5	-227.5	-222.5	-217.5	-212.5	-207.5	-202.5	-197.5	-192.5	-187.5	-182.5	-177.5	-172.5	-167.5	-162.5	-157.5	-152.5	-147.5	-142.5	-137.5	-132.5	-127.5	-122.5	-117.5	-112.5	-107.5	-102.5	-97.5	-92.5	-87.5	-82.5	-77.5	-72.5	-67.5	-62.5	-57.5	-52.5	-47.5	-42.5	-37.5	-32.5	-27.5	-22.5	-17.5	-12.5	-7.5	-2.5	2.5	7.5	12.5	17.5	22.5	27.5	32.5	37.5	42.5	47.5	52.5	57.5	62.5	67.5	72.5	77.5	82.5	87.5	92.5	97.5	102.5	107.5	112.5	117.5	122.5	127.5	132.5	137.5	142.5	147.5	152.5	157.5	162.5	167.5	172.5	177.5	182.5	187.5	192.5	197.5	202.5	207.5	212.5	217.5	222.5	227.5	232.5	237.5	242.5	247.5
BC1	0.0	0.0	0.0	0.0	0.0	0.0	0.0	0.0	0.0	0.0	0.0	0.0	0.0	0.0	0.0	0.0	0.0	0.0	0.0	25523.0	145825.0	141457.0	128834.0	112885.0	97938.0	82966.0	70931.0	55443.0	43052.0	32461.0	23087.0	15413.0	9991.0	5953.0	3545.0	1676.0	819.0	424.0	212.0	169.0	149.0	104.0	98.0	95.0	85.0	62.0	81.0	58.0	76.0	69.0	61.0	28.0	37.0	34.0	30.0	43.0	34.0	15.0	22.0	7.0	13.0	19.0	12.0	12.0	7.0	5.0	6.0	17.0	6.0	6.0	7.0	2.0	6.0	2.0	6.0	3.0	5.0	1.0	5.0	1.0	0.0	4.0	2.0	2.0	2.0	1.0	0.0	2.0	0.0	0.0	0.0	0.0	0.0	3.0	3.0	0.0	1.0	0.0	0.0	1.0
BC2	0.0	0.0	0.0	0.0	0.0	0.0	0.0	0.0	0.0	0.0	0.0	0.0	0.0	0.0	0.0	0.0	0.0	0.0	0.0	24524.0	136004.0	135239.0	123286.0	111037.0	98646.0	85191.0	73451.0	59911.0	46654.0	35644.0	25067.0	17046.0	11466.0	6879.0	4109.0	2055.0	1018.0	515.0	268.0	182.0	167.0	127.0	125.0	124.0	142.0	97.0	79.0	88.0	76.0	64.0	75.0	41.0	52.0	47.0	46.0	36.0	40.0	36.0	32.0	41.0	33.0	15.0	13.0	11.0	23.0	9.0	11.0	12.0	7.0	5.0	5.0	2.0	8.0	4.0	3.0	5.0	6.0	4.0	4.0	2.0	3.0	5.0	3.0	3.0	3.0	2.0	7.0	0.0	1.0	1.0	0.0	0.0	1.0	0.0	0.0	0.0	0.0	0.0	0.0	1.0
BC3	0.0	0.0	0.0	0.0	0.0	0.0	0.0	0.0	0.0	0.0	0.0	0.0	0.0	0.0	0.0	0.0	0.0	0.0	0.0	21139.0	124516.0	124053.0	115484.0	107454.0	97622.0	88998.0	78151.0	65823.0	51930.0	40435.0	29257.0	20471.0	13623.0	8484.0	4974.0	2500.0	1271.0	662.0	396.0	280.0	247.0	237.0	161.0	127.0	149.0	128.0	118.0	98.0	91.0	96.0	79.0	86.0	69.0	67.0	83.0	74.0	58.0	30.0	37.0	49.0	27.0	37.0	17.0	32.0	25.0	17.0	13.0	20.0	18.0	12.0	8.0	9.0	15.0	12.0	5.0	10.0	7.0	11.0	6.0	1.0	2.0	2.0	5.0	6.0	5.0	2.0	2.0	3.0	3.0	1.0	1.0	1.0	2.0	0.0	1.0	0.0	0.0	1.0	0.0	0.0
BC4	0.0	0.0	0.0	0.0	0.0	0.0	0.0	0.0	0.0	0.0	0.0	0.0	0.0	0.0	0.0	0.0	0.0	0.0	0.0	20541.0	117400.0	117643.0	111714.0	105324.0	97429.0	88694.0	80751.0	68762.0	55289.0	43146.0	31649.0	22451.0	15155.0	9669.0	5595.0	3027.0	1445.0	718.0	358.0	281.0	237.0	216.0	203.0	180.0	155.0	153.0	158.0	147.0	136.0	132.0	100.0	91.0	104.0	72.0	86.0	55.0	46.0	55.0	47.0	46.0	38.0	39.0	34.0	38.0	41.0	29.0	34.0	16.0	20.0	19.0	18.0	15.0	17.0	6.0	16.0	6.0	13.0	5.0	2.0	10.0	4.0	5.0	3.0	5.0	0.0	3.0	2.0	3.0	6.0	1.0	4.0	2.0	1.0	2.0	2.0	0.0	2.0	0.0	1.0	0.0
BC5	0.0	0.0	0.0	0.0	0.0	0.0	0.0	0.0	0.0	0.0	0.0	0.0	0.0	0.0	0.0	0.0	0.0	0.0	0.0	23533.0	132906.0	130906.0	123586.0	109219.0	98112.0	88131.0	73727.0	61744.0	47723.0	36408.0	26358.0	18019.0	11917.0	7570.0	4241.0	2157.0	1128.0	560.0	296.0	218.0	165.0	123.0	136.0	89.0	78.0	107.0	83.0	94.0	55.0	64.0	57.0	47.0	46.0	45.0	49.0	33.0	23.0	25.0	13.0	6.0	25.0	8.0	13.0	8.0	12.0	3.0	3.0	9.0	6.0	5.0	2.0	8.0	3.0	0.0	2.0	4.0	0.0	2.0	0.0	7.0	1.0	0.0	1.0	0.0	1.0	2.0	0.0	1.0	0.0	1.0	1.0	0.0	1.0	0.0	1.0	0.0	0.0	0.0	0.0	0.0
BH1	0.0	0.0	0.0	0.0	0.0	0.0	0.0	0.0	0.0	0.0	0.0	0.0	0.0	0.0	0.0	0.0	0.0	0.0	0.0	19394.0	120649.0	121197.0	112671.0	104455.0	97291.0	89280.0	79669.0	67965.0	54725.0	42175.0	30664.0	21788.0	14784.0	9344.0	5250.0	2740.0	1321.0	657.0	385.0	266.0	206.0	194.0	188.0	179.0	187.0	161.0	180.0	468.0	326.0	159.0	90.0	59.0	59.0	66.0	53.0	49.0	45.0	45.0	41.0	33.0	38.0	27.0	22.0	14.0	26.0	27.0	20.0	13.0	13.0	13.0	8.0	8.0	8.0	8.0	2.0	6.0	5.0	6.0	5.0	2.0	2.0	0.0	5.0	8.0	3.0	1.0	2.0	4.0	3.0	2.0	0.0	2.0	1.0	1.0	3.0	1.0	0.0	1.0	0.0	3.0
BH2	0.0	0.0	0.0	0.0	0.0	0.0	0.0	0.0	0.0	0.0	0.0	0.0	0.0	0.0	0.0	0.0	0.0	0.0	0.0	21824.0	125184.0	125197.0	115227.0	105899.0	96685.0	86770.0	77780.0	64655.0	53033.0	40311.0	29506.0	21010.0	14061.0	8872.0	5279.0	2710.0	1373.0	715.0	423.0	285.0	268.0	215.0	160.0	131.0	152.0	147.0	243.0	240.0	254.0	152.0	91.0	68.0	65.0	40.0	57.0	55.0	32.0	37.0	23.0	26.0	25.0	21.0	20.0	28.0	18.0	14.0	8.0	8.0	14.0	11.0	10.0	7.0	12.0	6.0	14.0	6.0	5.0	11.0	5.0	2.0	6.0	3.0	1.0	3.0	2.0	3.0	2.0	1.0	2.0	0.0	2.0	2.0	1.0	0.0	0.0	1.0	0.0	1.0	1.0	1.0
BH3	0.0	0.0	0.0	0.0	0.0	0.0	0.0	0.0	0.0	0.0	0.0	0.0	0.0	0.0	0.0	0.0	0.0	0.0	0.0	19458.0	108432.0	110915.0	103984.0	99477.0	95562.0	87585.0	82659.0	71230.0	60817.0	47667.0	36511.0	26499.0	17756.0	11559.0	7050.0	3297.0	1819.0	930.0	471.0	381.0	334.0	298.0	232.0	276.0	197.0	198.0	524.0	1173.0	576.0	429.0	133.0	113.0	95.0	113.0	76.0	87.0	74.0	75.0	72.0	68.0	47.0	46.0	42.0	35.0	50.0	30.0	24.0	26.0	21.0	15.0	17.0	9.0	9.0	18.0	9.0	6.0	9.0	7.0	11.0	5.0	11.0	7.0	6.0	3.0	1.0	4.0	2.0	5.0	1.0	1.0	0.0	3.0	4.0	6.0	1.0	1.0	2.0	1.0	0.0	1.0
BH4	0.0	0.0	0.0	0.0	0.0	0.0	0.0	0.0	0.0	0.0	0.0	0.0	0.0	0.0	0.0	0.0	0.0	0.0	0.0	20769.0	120492.0	117640.0	111335.0	101412.0	95012.0	87702.0	78960.0	66576.0	56809.0	43675.0	32716.0	23865.0	16172.0	10709.0	6225.0	3266.0	1655.0	770.0	417.0	289.0	284.0	221.0	227.0	191.0	201.0	197.0	226.0	163.0	152.0	145.0	149.0	85.0	137.0	88.0	77.0	70.0	57.0	43.0	54.0	45.0	36.0	24.0	34.0	24.0	29.0	17.0	11.0	25.0	16.0	15.0	11.0	15.0	14.0	16.0	13.0	8.0	8.0	7.0	5.0	3.0	4.0	3.0	3.0	2.0	11.0	10.0	5.0	3.0	6.0	4.0	1.0	2.0	2.0	2.0	0.0	3.0	0.0	2.0	1.0	2.0
BH5	0.0	0.0	0.0	0.0	0.0	0.0	0.0	0.0	0.0	0.0	0.0	0.0	0.0	0.0	0.0	0.0	0.0	0.0	0.0	20056.0	120690.0	120742.0	112074.0	103339.0	96770.0	87404.0	78464.0	66753.0	55096.0	43220.0	31390.0	22599.0	15322.0	9969.0	5693.0	3181.0	1535.0	719.0	446.0	295.0	308.0	240.0	232.0	194.0	170.0	173.0	240.0	440.0	694.0	183.0	102.0	90.0	88.0	81.0	70.0	57.0	61.0	50.0	44.0	61.0	39.0	32.0	32.0	36.0	38.0	23.0	30.0	22.0	27.0	24.0	11.0	14.0	15.0	4.0	12.0	13.0	8.0	9.0	6.0	5.0	7.0	5.0	3.0	4.0	5.0	1.0	2.0	4.0	3.0	2.0	3.0	5.0	1.0	2.0	1.0	0.0	1.0	1.0	0.0	1.0
BN1	0.0	0.0	0.0	0.0	0.0	0.0	0.0	0.0	0.0	0.0	0.0	0.0	0.0	0.0	0.0	0.0	0.0	0.0	0.0	21076.0	123182.0	123615.0	114195.0	106628.0	99339.0	89039.0	79749.0	65179.0	53146.0	40996.0	29252.0	20148.0	13602.0	8828.0	4932.0	2554.0	1202.0	618.0	339.0	227.0	182.0	185.0	165.0	159.0	128.0	116.0	96.0	74.0	101.0	97.0	96.0	59.0	70.0	59.0	47.0	45.0	37.0	45.0	42.0	28.0	21.0	19.0	21.0	16.0	19.0	16.0	14.0	17.0	12.0	15.0	12.0	7.0	6.0	7.0	7.0	4.0	3.0	2.0	5.0	4.0	3.0	3.0	3.0	1.0	5.0	3.0	0.0	5.0	4.0	0.0	0.0	3.0	0.0	0.0	1.0	2.0	1.0	0.0	0.0	0.0
BN2	0.0	0.0	0.0	0.0	0.0	0.0	0.0	0.0	0.0	0.0	0.0	0.0	0.0	0.0	0.0	0.0	0.0	0.0	0.0	22929.0	130972.0	128787.0	118828.0	109769.0	98648.0	87302.0	76498.0	62628.0	48866.0	37573.0	26829.0	18983.0	12413.0	7931.0	4497.0	2293.0	1127.0	547.0	319.0	209.0	190.0	183.0	145.0	152.0	122.0	107.0	97.0	94.0	66.0	89.0	64.0	52.0	54.0	58.0	35.0	71.0	50.0	24.0	36.0	29.0	31.0	23.0	21.0	19.0	8.0	18.0	13.0	11.0	11.0	9.0	6.0	6.0	17.0	7.0	15.0	5.0	10.0	4.0	2.0	10.0	4.0	6.0	3.0	1.0	1.0	3.0	5.0	2.0	3.0	1.0	0.0	3.0	0.0	0.0	1.0	0.0	1.0	2.0	0.0	0.0
BN3	0.0	0.0	0.0	0.0	0.0	0.0	0.0	0.0	0.0	0.0	0.0	0.0	0.0	0.0	0.0	0.0	0.0	0.0	0.0	25217.0	141323.0	138039.0	126025.0	114718.0	97721.0	84961.0	72612.0	56677.0	44331.0	33367.0	23445.0	16106.0	10583.0	6263.0	3664.0	1858.0	896.0	473.0	276.0	208.0	124.0	118.0	96.0	71.0	73.0	77.0	68.0	64.0	66.0	30.0	30.0	38.0	33.0	32.0	27.0	36.0	12.0	20.0	20.0	13.0	20.0	17.0	6.0	12.0	10.0	4.0	7.0	3.0	4.0	9.0	8.0	3.0	8.0	4.0	1.0	1.0	1.0	3.0	1.0	3.0	5.0	2.0	1.0	2.0	1.0	4.0	1.0	1.0	0.0	1.0	0.0	0.0	0.0	0.0	0.0	0.0	0.0	0.0	1.0	0.0
BN5	0.0	0.0	0.0	0.0	0.0	0.0	0.0	0.0	0.0	0.0	0.0	0.0	0.0	0.0	0.0	0.0	0.0	0.0	0.0	21576.0	121397.0	122116.0	114082.0	107642.0	98391.0	88667.0	80174.0	65654.0	53307.0	40989.0	29951.0	20737.0	13886.0	8704.0	5157.0	2631.0	1292.0	623.0	420.0	291.0	213.0	201.0	193.0	147.0	127.0	121.0	117.0	104.0	81.0	77.0	80.0	72.0	68.0	50.0	59.0	46.0	46.0	45.0	56.0	25.0	39.0	24.0	29.0	17.0	22.0	17.0	21.0	18.0	12.0	8.0	5.0	6.0	15.0	10.0	7.0	8.0	2.0	3.0	11.0	3.0	6.0	0.0	5.0	2.0	0.0	5.0	3.0	3.0	1.0	0.0	2.0	1.0	1.0	1.0	1.0	2.0	1.0	1.0	0.0	1.0
MC1	0.0	0.0	0.0	0.0	0.0	0.0	0.0	0.0	0.0	0.0	0.0	0.0	0.0	0.0	0.0	0.0	0.0	0.0	0.0	18311.0	111911.0	114661.0	109085.0	103958.0	97576.0	89518.0	81433.0	69843.0	57533.0	45185.0	33740.0	23921.0	16668.0	10690.0	5918.0	3183.0	1596.0	800.0	470.0	342.0	291.0	267.0	271.0	187.0	197.0	185.0	173.0	171.0	158.0	123.0	143.0	107.0	115.0	115.0	74.0	69.0	87.0	65.0	70.0	56.0	56.0	37.0	56.0	34.0	22.0	36.0	29.0	44.0	20.0	23.0	21.0	9.0	8.0	23.0	13.0	12.0	4.0	10.0	7.0	10.0	5.0	14.0	5.0	6.0	8.0	3.0	5.0	5.0	1.0	5.0	2.0	5.0	5.0	4.0	2.0	0.0	3.0	2.0	1.0	1.0
MC2	0.0	0.0	0.0	0.0	0.0	0.0	0.0	0.0	0.0	0.0	0.0	0.0	0.0	0.0	0.0	0.0	0.0	0.0	0.0	20195.0	121449.0	123723.0	115243.0	107654.0	97089.0	88428.0	78864.0	66093.0	52355.0	40492.0	30479.0	21322.0	14011.0	9013.0	5356.0	2852.0	1410.0	695.0	435.0	308.0	224.0	210.0	182.0	171.0	155.0	132.0	121.0	129.0	99.0	92.0	72.0	56.0	77.0	48.0	48.0	38.0	49.0	49.0	26.0	44.0	39.0	19.0	18.0	27.0	21.0	21.0	17.0	22.0	15.0	16.0	11.0	5.0	7.0	3.0	7.0	11.0	9.0	4.0	9.0	4.0	4.0	3.0	1.0	4.0	3.0	2.0	3.0	2.0	2.0	2.0	0.0	0.0	0.0	1.0	0.0	1.0	0.0	0.0	0.0	3.0
MC3	0.0	0.0	0.0	0.0	0.0	0.0	0.0	0.0	0.0	0.0	0.0	0.0	0.0	0.0	0.0	0.0	0.0	0.0	0.0	17907.0	112869.0	115577.0	110161.0	104420.0	99214.0	90006.0	81263.0	68370.0	56525.0	44612.0	33057.0	23807.0	16237.0	9956.0	5979.0	3071.0	1534.0	783.0	459.0	368.0	285.0	283.0	248.0	218.0	202.0	203.0	182.0	178.0	163.0	130.0	97.0	125.0	123.0	90.0	77.0	78.0	68.0	43.0	58.0	48.0	46.0	39.0	39.0	41.0	41.0	17.0	31.0	27.0	30.0	21.0	25.0	21.0	12.0	20.0	6.0	12.0	15.0	10.0	18.0	12.0	8.0	3.0	2.0	7.0	5.0	3.0	7.0	5.0	3.0	3.0	6.0	3.0	1.0	3.0	1.0	0.0	0.0	3.0	4.0	2.0
MC4	0.0	0.0	0.0	0.0	0.0	0.0	0.0	0.0	0.0	0.0	0.0	0.0	0.0	0.0	0.0	0.0	0.0	0.0	0.0	22250.0	122791.0	125394.0	118098.0	111959.0	101667.0	88723.0	78802.0	64524.0	51116.0	38236.0	26674.0	19294.0	12027.0	7995.0	4360.0	2224.0	953.0	484.0	304.0	204.0	172.0	149.0	133.0	139.0	115.0	83.0	102.0	107.0	87.0	79.0	63.0	47.0	49.0	34.0	31.0	35.0	26.0	16.0	19.0	28.0	15.0	19.0	24.0	17.0	14.0	12.0	8.0	4.0	13.0	8.0	7.0	6.0	2.0	4.0	1.0	5.0	2.0	5.0	4.0	0.0	7.0	3.0	0.0	0.0	2.0	1.0	0.0	2.0	0.0	4.0	4.0	1.0	1.0	0.0	0.0	0.0	0.0	0.0	0.0	1.0
MC5	0.0	0.0	0.0	0.0	0.0	0.0	0.0	0.0	0.0	0.0	0.0	0.0	0.0	0.0	0.0	0.0	0.0	0.0	0.0	18587.0	112698.0	115040.0	109428.0	105321.0	97904.0	89945.0	81335.0	69708.0	56977.0	44534.0	33342.0	23902.0	16043.0	10124.0	5874.0	3165.0	1535.0	684.0	455.0	297.0	265.0	241.0	203.0	192.0	201.0	164.0	137.0	153.0	138.0	128.0	128.0	94.0	101.0	86.0	61.0	58.0	64.0	60.0	51.0	50.0	31.0	29.0	36.0	27.0	32.0	29.0	27.0	18.0	14.0	9.0	14.0	15.0	15.0	22.0	12.0	3.0	1.0	9.0	9.0	6.0	6.0	10.0	4.0	2.0	8.0	5.0	3.0	2.0	4.0	1.0	1.0	2.0	2.0	4.0	1.0	1.0	0.0	2.0	0.0	0.0
MH1	0.0	0.0	0.0	0.0	0.0	0.0	0.0	0.0	0.0	0.0	0.0	0.0	0.0	0.0	0.0	0.0	0.0	0.0	0.0	20298.0	119037.0	120426.0	113680.0	104743.0	97213.0	89492.0	76517.0	66301.0	53994.0	42449.0	30462.0	22899.0	15988.0	10385.0	6040.0	3303.0	1647.0	885.0	537.0	317.0	224.0	213.0	183.0	155.0	141.0	113.0	454.0	445.0	481.0	155.0	62.0	58.0	47.0	35.0	39.0	45.0	41.0	39.0	36.0	20.0	20.0	19.0	16.0	9.0	10.0	8.0	16.0	8.0	18.0	6.0	4.0	5.0	4.0	4.0	3.0	4.0	7.0	0.0	2.0	0.0	1.0	3.0	6.0	0.0	1.0	0.0	1.0	1.0	1.0	1.0	0.0	0.0	0.0	0.0	0.0	0.0	0.0	0.0	0.0	0.0
MH2	0.0	0.0	0.0	0.0	0.0	0.0	0.0	0.0	0.0	0.0	0.0	0.0	0.0	0.0	0.0	0.0	0.0	0.0	0.0	18331.0	120412.0	121301.0	112754.0	105577.0	97441.0	88824.0	78620.0	65870.0	53769.0	42356.0	30837.0	22430.0	16110.0	10428.0	5928.0	3128.0	1607.0	962.0	557.0	292.0	243.0	195.0	138.0	149.0	134.0	118.0	129.0	85.0	81.0	83.0	85.0	81.0	61.0	54.0	51.0	43.0	46.0	32.0	34.0	25.0	30.0	29.0	23.0	9.0	18.0	15.0	17.0	10.0	6.0	18.0	13.0	4.0	8.0	8.0	6.0	7.0	3.0	3.0	2.0	5.0	2.0	2.0	3.0	0.0	0.0	2.0	4.0	1.0	1.0	1.0	2.0	0.0	0.0	2.0	1.0	1.0	3.0	0.0	0.0	1.0
MH3	0.0	0.0	0.0	0.0	0.0	0.0	0.0	0.0	0.0	0.0	0.0	0.0	0.0	0.0	0.0	0.0	0.0	0.0	0.0	20133.0	122540.0	123308.0	115443.0	103297.0	98216.0	89938.0	79016.0	65420.0	54095.0	41482.0	28892.0	21423.0	14812.0	9270.0	5411.0	2656.0	1318.0	647.0	377.0	263.0	170.0	162.0	133.0	137.0	111.0	143.0	107.0	95.0	96.0	83.0	67.0	66.0	56.0	59.0	50.0	53.0	38.0	35.0	26.0	33.0	25.0	15.0	15.0	16.0	22.0	17.0	13.0	7.0	15.0	8.0	9.0	9.0	1.0	5.0	3.0	5.0	8.0	4.0	9.0	8.0	4.0	1.0	1.0	1.0	2.0	3.0	1.0	1.0	5.0	4.0	0.0	3.0	0.0	0.0	0.0	1.0	0.0	0.0	1.0	0.0
MH4	0.0	0.0	0.0	0.0	0.0	0.0	0.0	0.0	0.0	0.0	0.0	0.0	0.0	0.0	0.0	0.0	0.0	0.0	0.0	22363.0	134586.0	133876.0	122975.0	108746.0	100170.0	86874.0	74233.0	61287.0	47858.0	35909.0	24726.0	17222.0	12127.0	7078.0	4191.0	2056.0	947.0	496.0	275.0	222.0	157.0	142.0	121.0	95.0	112.0	99.0	78.0	69.0	87.0	63.0	57.0	60.0	33.0	49.0	34.0	34.0	38.0	29.0	45.0	17.0	19.0	22.0	14.0	14.0	16.0	10.0	15.0	5.0	10.0	5.0	5.0	10.0	6.0	6.0	10.0	3.0	5.0	6.0	2.0	4.0	3.0	4.0	1.0	5.0	5.0	4.0	0.0	0.0	1.0	0.0	2.0	1.0	2.0	1.0	0.0	0.0	0.0	2.0	2.0	1.0
MH5	0.0	0.0	0.0	0.0	0.0	0.0	0.0	0.0	0.0	0.0	0.0	0.0	0.0	0.0	0.0	0.0	0.0	0.0	0.0	21413.0	124010.0	126119.0	113604.0	105588.0	95377.0	86217.0	76272.0	63898.0	52738.0	40729.0	30139.0	22373.0	15468.0	9996.0	5709.0	3041.0	1612.0	970.0	481.0	336.0	253.0	245.0	249.0	160.0	177.0	180.0	337.0	348.0	328.0	171.0	107.0	111.0	111.0	89.0	94.0	47.0	67.0	53.0	70.0	37.0	45.0	30.0	37.0	32.0	26.0	23.0	27.0	28.0	23.0	26.0	24.0	21.0	16.0	10.0	10.0	6.0	7.0	9.0	8.0	5.0	2.0	8.0	2.0	5.0	3.0	6.0	3.0	3.0	0.0	4.0	4.0	0.0	2.0	3.0	3.0	2.0	2.0	1.0	1.0	2.0
MN1	0.0	0.0	0.0	0.0	0.0	0.0	0.0	0.0	0.0	0.0	0.0	0.0	0.0	0.0	0.0	0.0	0.0	0.0	0.0	23284.0	137428.0	135331.0	122827.0	113112.0	99703.0	85068.0	73622.0	58383.0	46645.0	34556.0	24728.0	16964.0	11193.0	7090.0	4018.0	2218.0	1034.0	555.0	326.0	257.0	178.0	120.0	133.0	94.0	125.0	86.0	88.0	79.0	59.0	60.0	68.0	45.0	45.0	46.0	29.0	32.0	32.0	18.0	26.0	15.0	20.0	14.0	8.0	5.0	15.0	13.0	12.0	4.0	8.0	7.0	7.0	10.0	7.0	3.0	5.0	1.0	1.0	5.0	7.0	0.0	3.0	2.0	2.0	2.0	1.0	1.0	2.0	0.0	0.0	1.0	1.0	0.0	0.0	1.0	2.0	6.0	0.0	3.0	0.0	0.0
MN2	0.0	0.0	0.0	0.0	0.0	0.0	0.0	0.0	0.0	0.0	0.0	0.0	0.0	0.0	0.0	0.0	0.0	0.0	0.0	19767.0	117537.0	120743.0	113435.0	107297.0	99517.0	90693.0	80435.0	67879.0	54255.0	41304.0	30429.0	21064.0	13914.0	9047.0	5158.0	2583.0	1282.0	671.0	388.0	324.0	214.0	236.0	169.0	141.0	138.0	119.0	114.0	101.0	118.0	87.0	82.0	56.0	63.0	55.0	47.0	52.0	49.0	44.0	21.0	24.0	29.0	17.0	13.0	15.0	22.0	21.0	18.0	9.0	9.0	4.0	9.0	5.0	2.0	5.0	4.0	7.0	10.0	4.0	2.0	4.0	5.0	2.0	1.0	6.0	0.0	0.0	4.0	4.0	1.0	1.0	2.0	0.0	0.0	0.0	0.0	2.0	7.0	0.0	0.0	0.0
MN3	0.0	0.0	0.0	0.0	0.0	0.0	0.0	0.0	0.0	0.0	0.0	0.0	0.0	0.0	0.0	0.0	0.0	0.0	0.0	20176.0	116977.0	118776.0	112371.0	107324.0	100646.0	90474.0	81071.0	68040.0	54455.0	41414.0	31025.0	21108.0	14395.0	8875.0	5156.0	2734.0	1311.0	652.0	376.0	254.0	193.0	229.0	187.0	146.0	151.0	120.0	116.0	110.0	96.0	86.0	94.0	67.0	61.0	61.0	59.0	48.0	57.0	39.0	50.0	35.0	30.0	22.0	22.0	17.0	10.0	20.0	16.0	15.0	13.0	12.0	10.0	6.0	3.0	14.0	12.0	4.0	3.0	4.0	2.0	8.0	2.0	1.0	0.0	2.0	1.0	5.0	3.0	1.0	3.0	2.0	1.0	5.0	2.0	3.0	0.0	2.0	4.0	0.0	2.0	1.0
MN4	0.0	0.0	0.0	0.0	0.0	0.0	0.0	0.0	0.0	0.0	0.0	0.0	0.0	0.0	0.0	0.0	0.0	0.0	0.0	20452.0	120437.0	122729.0	115016.0	106849.0	98223.0	88179.0	78707.0	65207.0	52985.0	40623.0	30251.0	21229.0	14539.0	9427.0	5626.0	3127.0	1625.0	939.0	596.0	407.0	328.0	273.0	206.0	187.0	158.0	124.0	133.0	112.0	95.0	115.0	97.0	117.0	54.0	84.0	61.0	53.0	44.0	46.0	41.0	35.0	25.0	36.0	28.0	19.0	18.0	21.0	14.0	15.0	13.0	18.0	4.0	8.0	11.0	10.0	5.0	16.0	5.0	5.0	2.0	7.0	4.0	2.0	5.0	7.0	5.0	1.0	8.0	7.0	1.0	1.0	0.0	1.0	0.0	3.0	1.0	5.0	0.0	6.0	2.0	1.0
MN5	0.0	0.0	0.0	0.0	0.0	0.0	0.0	0.0	0.0	0.0	0.0	0.0	0.0	0.0	0.0	0.0	0.0	0.0	0.0	21067.0	120284.0	123208.0	116081.0	109083.0	100366.0	90704.0	79386.0	65792.0	52330.0	39873.0	29012.0	19892.0	13231.0	8356.0	4599.0	2370.0	1080.0	602.0	360.0	255.0	192.0	177.0	146.0	131.0	139.0	123.0	103.0	73.0	110.0	83.0	73.0	52.0	43.0	44.0	32.0	29.0	36.0	37.0	32.0	30.0	28.0	17.0	23.0	18.0	16.0	13.0	14.0	10.0	10.0	9.0	4.0	12.0	10.0	6.0	5.0	4.0	6.0	4.0	4.0	5.0	1.0	0.0	5.0	1.0	3.0	1.0	1.0	1.0	0.0	1.0	1.0	1.0	0.0	2.0	0.0	0.0	0.0	0.0	0.0	0.0
OC1	0.0	0.0	0.0	0.0	0.0	0.0	0.0	0.0	0.0	0.0	0.0	0.0	0.0	0.0	0.0	0.0	0.0	0.0	0.0	20257.0	116715.0	118794.0	114334.0	107076.0	100439.0	90761.0	81154.0	67595.0	54170.0	41800.0	30012.0	21193.0	14062.0	8741.0	5303.0	2749.0	1270.0	644.0	375.0	271.0	197.0	190.0	146.0	118.0	150.0	120.0	125.0	99.0	89.0	105.0	86.0	67.0	47.0	56.0	62.0	56.0	30.0	46.0	37.0	20.0	37.0	36.0	23.0	15.0	25.0	18.0	19.0	9.0	12.0	10.0	9.0	4.0	15.0	13.0	10.0	9.0	13.0	4.0	2.0	5.0	5.0	8.0	0.0	4.0	1.0	3.0	4.0	1.0	2.0	5.0	2.0	1.0	0.0	3.0	1.0	1.0	3.0	2.0	1.0	0.0
OC2	0.0	0.0	0.0	0.0	0.0	0.0	0.0	0.0	0.0	0.0	0.0	0.0	0.0	0.0	0.0	0.0	0.0	0.0	0.0	17509.0	110212.0	114860.0	111176.0	107264.0	99928.0	91056.0	83709.0	70817.0	56614.0	43928.0	32600.0	22608.0	15135.0	9341.0	5404.0	2746.0	1400.0	660.0	393.0	251.0	244.0	206.0	180.0	141.0	119.0	136.0	114.0	86.0	94.0	107.0	75.0	68.0	57.0	60.0	61.0	50.0	38.0	36.0	44.0	34.0	34.0	16.0	20.0	22.0	23.0	12.0	17.0	16.0	8.0	11.0	6.0	13.0	7.0	5.0	6.0	5.0	5.0	5.0	1.0	6.0	3.0	7.0	1.0	2.0	5.0	3.0	1.0	3.0	0.0	0.0	0.0	0.0	1.0	2.0	1.0	5.0	0.0	0.0	1.0	2.0
OC3	0.0	0.0	0.0	0.0	0.0	0.0	0.0	0.0	0.0	0.0	0.0	0.0	0.0	0.0	0.0	0.0	0.0	0.0	0.0	22176.0	126062.0	128226.0	119217.0	108849.0	97986.0	86683.0	75393.0	62220.0	50029.0	38879.0	28665.0	19996.0	13221.0	8497.0	5015.0	2735.0	1389.0	735.0	432.0	338.0	258.0	189.0	198.0	232.0	208.0	183.0	133.0	146.0	145.0	128.0	119.0	103.0	102.0	100.0	102.0	67.0	69.0	62.0	49.0	62.0	46.0	41.0	47.0	36.0	22.0	42.0	25.0	28.0	20.0	15.0	10.0	17.0	17.0	7.0	9.0	13.0	10.0	14.0	20.0	12.0	6.0	9.0	16.0	8.0	6.0	5.0	1.0	5.0	0.0	1.0	3.0	2.0	1.0	0.0	1.0	1.0	0.0	0.0	0.0	0.0
OC4	0.0	0.0	0.0	0.0	0.0	0.0	0.0	0.0	0.0	0.0	0.0	0.0	0.0	0.0	0.0	0.0	0.0	0.0	0.0	18244.0	111245.0	115112.0	110481.0	105681.0	98085.0	90189.0	81954.0	70698.0	56781.0	44087.0	33423.0	23697.0	15914.0	10121.0	5847.0	3065.0	1508.0	705.0	384.0	303.0	236.0	203.0	175.0	175.0	160.0	126.0	136.0	143.0	100.0	69.0	73.0	79.0	79.0	61.0	66.0	32.0	37.0	39.0	33.0	50.0	24.0	30.0	29.0	17.0	14.0	12.0	13.0	13.0	15.0	8.0	14.0	14.0	14.0	6.0	9.0	7.0	6.0	5.0	3.0	6.0	2.0	1.0	3.0	5.0	3.0	0.0	1.0	3.0	3.0	2.0	1.0	3.0	0.0	0.0	0.0	0.0	0.0	0.0	2.0	0.0
OC5	0.0	0.0	0.0	0.0	0.0	0.0	0.0	0.0	0.0	0.0	0.0	0.0	0.0	0.0	0.0	0.0	0.0	0.0	0.0	19007.0	115238.0	117456.0	112148.0	107546.0	100833.0	91656.0	81517.0	68744.0	54416.0	42462.0	31182.0	21844.0	14134.0	8983.0	5209.0	2776.0	1281.0	633.0	329.0	263.0	206.0	162.0	159.0	143.0	150.0	144.0	109.0	112.0	89.0	80.0	86.0	93.0	76.0	47.0	52.0	46.0	54.0	39.0	29.0	33.0	22.0	19.0	27.0	23.0	25.0	18.0	22.0	12.0	15.0	12.0	12.0	12.0	14.0	7.0	11.0	9.0	16.0	5.0	5.0	6.0	4.0	3.0	4.0	3.0	10.0	5.0	8.0	7.0	1.0	0.0	1.0	4.0	2.0	0.0	4.0	1.0	0.0	1.0	2.0	0.0
OH1	0.0	0.0	0.0	0.0	0.0	0.0	0.0	0.0	0.0	0.0	0.0	0.0	0.0	0.0	0.0	0.0	0.0	0.0	0.0	21548.0	129831.0	130646.0	119370.0	107688.0	99621.0	87931.0	75419.0	62423.0	50052.0	38068.0	26715.0	18648.0	12783.0	8036.0	4623.0	2253.0	1108.0	598.0	320.0	181.0	213.0	155.0	132.0	131.0	124.0	108.0	108.0	99.0	78.0	78.0	85.0	67.0	46.0	49.0	47.0	43.0	30.0	32.0	34.0	32.0	23.0	22.0	18.0	25.0	21.0	20.0	16.0	22.0	14.0	13.0	20.0	22.0	12.0	11.0	7.0	5.0	4.0	2.0	2.0	9.0	8.0	3.0	7.0	3.0	1.0	3.0	2.0	6.0	3.0	3.0	2.0	1.0	1.0	0.0	4.0	3.0	1.0	0.0	0.0	0.0
OH2	0.0	0.0	0.0	0.0	0.0	0.0	0.0	0.0	0.0	0.0	0.0	0.0	0.0	0.0	0.0	0.0	0.0	0.0	0.0	22973.0	140042.0	137643.0	125835.0	109198.0	99331.0	85435.0	71712.0	58012.0	46016.0	34434.0	23887.0	16710.0	11459.0	7298.0	4205.0	2124.0	1062.0	511.0	273.0	218.0	155.0	133.0	104.0	114.0	76.0	66.0	83.0	68.0	68.0	58.0	49.0	47.0	35.0	44.0	45.0	34.0	28.0	36.0	23.0	17.0	22.0	20.0	13.0	18.0	11.0	11.0	5.0	7.0	11.0	3.0	15.0	5.0	8.0	5.0	5.0	4.0	8.0	4.0	9.0	3.0	11.0	9.0	3.0	3.0	1.0	2.0	1.0	7.0	3.0	1.0	1.0	3.0	1.0	1.0	1.0	0.0	0.0	2.0	0.0	0.0
OH3	0.0	0.0	0.0	0.0	0.0	0.0	0.0	0.0	0.0	0.0	0.0	0.0	0.0	0.0	0.0	0.0	0.0	0.0	0.0	22112.0	132945.0	135242.0	123326.0	109783.0	99193.0	86819.0	74295.0	60459.0	47717.0	35885.0	25327.0	17788.0	11405.0	7184.0	4022.0	2104.0	1020.0	524.0	282.0	195.0	191.0	118.0	131.0	136.0	107.0	127.0	107.0	84.0	93.0	77.0	67.0	47.0	50.0	51.0	35.0	48.0	27.0	35.0	29.0	34.0	25.0	31.0	20.0	19.0	14.0	9.0	10.0	11.0	11.0	13.0	13.0	9.0	8.0	5.0	12.0	8.0	3.0	4.0	5.0	12.0	2.0	2.0	1.0	2.0	6.0	2.0	0.0	1.0	0.0	3.0	1.0	1.0	2.0	3.0	1.0	0.0	2.0	2.0	2.0	1.0
OH4	0.0	0.0	0.0	0.0	0.0	0.0	0.0	0.0	0.0	0.0	0.0	0.0	0.0	0.0	0.0	0.0	0.0	0.0	0.0	20187.0	121300.0	124344.0	115800.0	105790.0	97969.0	89367.0	78268.0	65613.0	53352.0	40896.0	29765.0	21137.0	14285.0	8749.0	5045.0	2756.0	1359.0	664.0	388.0	251.0	231.0	198.0	174.0	133.0	133.0	149.0	121.0	85.0	79.0	89.0	59.0	58.0	51.0	46.0	45.0	38.0	37.0	31.0	44.0	24.0	28.0	18.0	11.0	13.0	22.0	15.0	22.0	23.0	13.0	10.0	13.0	13.0	10.0	3.0	4.0	11.0	9.0	7.0	4.0	1.0	9.0	0.0	3.0	3.0	2.0	3.0	2.0	0.0	1.0	0.0	0.0	0.0	0.0	0.0	1.0	2.0	0.0	0.0	1.0	0.0
OH5	0.0	0.0	0.0	0.0	0.0	0.0	0.0	0.0	0.0	0.0	0.0	0.0	0.0	0.0	0.0	0.0	0.0	0.0	0.0	19320.0	117162.0	120237.0	113916.0	105168.0	98243.0	90532.0	79423.0	67171.0	55060.0	42485.0	30242.0	22173.0	15074.0	9608.0	5462.0	2921.0	1416.0	697.0	398.0	290.0	221.0	178.0	182.0	148.0	139.0	111.0	130.0	107.0	114.0	97.0	84.0	90.0	78.0	54.0	82.0	49.0	42.0	55.0	37.0	37.0	27.0	45.0	19.0	19.0	15.0	19.0	12.0	11.0	16.0	13.0	10.0	7.0	7.0	8.0	6.0	6.0	2.0	5.0	2.0	8.0	4.0	2.0	2.0	4.0	3.0	3.0	0.0	0.0	1.0	3.0	5.0	1.0	0.0	2.0	4.0	0.0	0.0	3.0	3.0	2.0
ON1	0.0	0.0	0.0	0.0	0.0	0.0	0.0	0.0	0.0	0.0	0.0	0.0	0.0	0.0	0.0	0.0	0.0	0.0	0.0	19326.0	118086.0	120355.0	112478.0	106584.0	97607.0	88614.0	79234.0	66099.0	53766.0	42187.0	31936.0	22704.0	15446.0	10164.0	6023.0	3133.0	1621.0	840.0	449.0	313.0	291.0	269.0	231.0	208.0	159.0	152.0	148.0	127.0	129.0	116.0	109.0	107.0	74.0	61.0	57.0	63.0	46.0	57.0	44.0	38.0	40.0	37.0	31.0	22.0	36.0	22.0	33.0	24.0	12.0	22.0	12.0	13.0	12.0	3.0	8.0	13.0	7.0	15.0	4.0	4.0	4.0	4.0	4.0	1.0	11.0	1.0	6.0	5.0	0.0	2.0	1.0	1.0	1.0	5.0	1.0	1.0	8.0	2.0	1.0	2.0
ON2	0.0	0.0	0.0	0.0	0.0	0.0	0.0	0.0	0.0	0.0	0.0	0.0	0.0	0.0	0.0	0.0	0.0	0.0	0.0	18892.0	112920.0	114808.0	110621.0	105627.0	99298.0	90590.0	81479.0	69288.0	56002.0	44117.0	33112.0	23084.0	15368.0	9870.0	5752.0	3019.0	1497.0	767.0	395.0	281.0	284.0	240.0	185.0	199.0	145.0	177.0	134.0	139.0	117.0	117.0	129.0	96.0	104.0	77.0	85.0	77.0	76.0	48.0	61.0	51.0	68.0	37.0	37.0	36.0	28.0	34.0	24.0	23.0	20.0	30.0	15.0	12.0	22.0	14.0	25.0	10.0	6.0	9.0	10.0	14.0	3.0	8.0	4.0	8.0	3.0	8.0	7.0	4.0	1.0	4.0	2.0	2.0	3.0	2.0	3.0	1.0	0.0	1.0	3.0	0.0
ON3	0.0	0.0	0.0	0.0	0.0	0.0	0.0	0.0	0.0	0.0	0.0	0.0	0.0	0.0	0.0	0.0	0.0	0.0	0.0	19969.0	121309.0	123462.0	117233.0	109561.0	101113.0	90103.0	78517.0	65063.0	51676.0	40027.0	28998.0	20016.0	13125.0	8183.0	4631.0	2544.0	1160.0	598.0	361.0	261.0	188.0	175.0	141.0	127.0	130.0	118.0	110.0	97.0	82.0	71.0	76.0	63.0	64.0	40.0	63.0	33.0	53.0	33.0	19.0	25.0	20.0	20.0	20.0	14.0	14.0	18.0	15.0	8.0	21.0	10.0	12.0	18.0	6.0	5.0	6.0	6.0	5.0	7.0	0.0	4.0	6.0	8.0	1.0	1.0	3.0	2.0	4.0	2.0	1.0	2.0	0.0	0.0	0.0	2.0	0.0	1.0	0.0	2.0	2.0	1.0
ON4	0.0	0.0	0.0	0.0	0.0	0.0	0.0	0.0	0.0	0.0	0.0	0.0	0.0	0.0	0.0	0.0	0.0	0.0	0.0	18359.0	109726.0	113464.0	111436.0	110937.0	105769.0	96555.0	85829.0	69411.0	55897.0	40769.0	28813.0	19358.0	12214.0	6964.0	3645.0	1867.0	1056.0	717.0	656.0	546.0	503.0	452.0	377.0	389.0	381.0	289.0	273.0	297.0	267.0	206.0	211.0	180.0	196.0	173.0	146.0	152.0	140.0	117.0	100.0	92.0	76.0	60.0	57.0	60.0	53.0	65.0	56.0	43.0	54.0	40.0	21.0	44.0	24.0	27.0	30.0	29.0	22.0	17.0	15.0	14.0	11.0	5.0	12.0	13.0	6.0	17.0	7.0	7.0	12.0	11.0	6.0	5.0	7.0	7.0	3.0	2.0	8.0	4.0	2.0	3.0
ON5	0.0	0.0	0.0	0.0	0.0	0.0	0.0	0.0	0.0	0.0	0.0	0.0	0.0	0.0	0.0	0.0	0.0	0.0	0.0	18258.0	115817.0	118576.0	116166.0	113147.0	106406.0	96319.0	83444.0	66396.0	51873.0	38890.0	27444.0	17617.0	10712.0	6421.0	3210.0	1676.0	881.0	621.0	582.0	451.0	410.0	410.0	347.0	324.0	309.0	316.0	245.0	246.0	244.0	193.0	191.0	143.0	147.0	152.0	126.0	102.0	87.0	103.0	71.0	83.0	54.0	44.0	75.0	52.0	52.0	26.0	35.0	39.0	22.0	21.0	35.0	24.0	26.0	16.0	11.0	18.0	13.0	12.0	6.0	10.0	18.0	12.0	8.0	5.0	6.0	4.0	3.0	6.0	7.0	13.0	2.0	3.0	3.0	5.0	2.0	1.0	1.0	1.0	4.0	0.0
WC1	0.0	0.0	0.0	0.0	0.0	0.0	0.0	0.0	0.0	0.0	0.0	0.0	0.0	0.0	0.0	0.0	0.0	0.0	0.0	18635.0	112058.0	118231.0	116269.0	110364.0	103886.0	94151.0	84533.0	67579.0	52926.0	40358.0	28443.0	18777.0	11660.0	6757.0	3570.0	1908.0	1013.0	761.0	577.0	554.0	562.0	552.0	550.0	475.0	393.0	378.0	372.0	285.0	332.0	276.0	228.0	196.0	182.0	199.0	174.0	157.0	132.0	135.0	114.0	106.0	92.0	95.0	83.0	67.0	43.0	49.0	62.0	41.0	48.0	29.0	34.0	46.0	15.0	27.0	21.0	26.0	18.0	12.0	14.0	11.0	15.0	12.0	15.0	14.0	12.0	13.0	10.0	5.0	6.0	4.0	6.0	5.0	10.0	7.0	3.0	4.0	7.0	3.0	2.0	4.0
WC2	0.0	0.0	0.0	0.0	0.0	0.0	0.0	0.0	0.0	0.0	0.0	0.0	0.0	0.0	0.0	0.0	0.0	0.0	0.0	20730.0	121920.0	126186.0	121793.0	115331.0	104911.0	92864.0	80865.0	63318.0	48223.0	35727.0	25156.0	15887.0	9884.0	5424.0	2876.0	1454.0	914.0	604.0	501.0	436.0	374.0	366.0	339.0	318.0	307.0	282.0	315.0	290.0	189.0	196.0	145.0	122.0	142.0	146.0	136.0	92.0	123.0	92.0	91.0	66.0	61.0	84.0	53.0	48.0	41.0	44.0	39.0	28.0	21.0	38.0	26.0	32.0	15.0	17.0	13.0	16.0	13.0	19.0	12.0	12.0	12.0	16.0	3.0	8.0	10.0	13.0	7.0	2.0	7.0	2.0	2.0	5.0	2.0	1.0	1.0	2.0	4.0	2.0	1.0	2.0
WC3	0.0	0.0	0.0	0.0	0.0	0.0	0.0	0.0	0.0	0.0	0.0	0.0	0.0	0.0	0.0	0.0	0.0	0.0	0.0	21635.0	130553.0	131899.0	126563.0	116139.0	105063.0	90961.0	77568.0	60076.0	45163.0	33339.0	22841.0	15014.0	8507.0	4957.0	2480.0	1256.0	729.0	535.0	403.0	319.0	293.0	302.0	283.0	266.0	221.0	201.0	202.0	177.0	129.0	183.0	153.0	146.0	126.0	111.0	101.0	89.0	83.0	78.0	62.0	92.0	56.0	44.0	48.0	30.0	34.0	38.0	28.0	26.0	26.0	33.0	14.0	16.0	26.0	18.0	25.0	17.0	6.0	11.0	9.0	6.0	9.0	5.0	6.0	6.0	5.0	5.0	4.0	7.0	8.0	3.0	5.0	1.0	4.0	1.0	1.0	2.0	7.0	3.0	6.0	4.0
WC4	0.0	0.0	0.0	0.0	0.0	0.0	0.0	0.0	0.0	0.0	0.0	0.0	0.0	0.0	0.0	0.0	0.0	0.0	0.0	22470.0	135731.0	137458.0	129392.0	118578.0	104002.0	88894.0	75748.0	57071.0	43136.0	31028.0	21331.0	13659.0	8145.0	4704.0	2419.0	1210.0	737.0	485.0	460.0	332.0	274.0	224.0	224.0	201.0	188.0	164.0	140.0	146.0	116.0	124.0	101.0	85.0	88.0	79.0	95.0	60.0	61.0	48.0	51.0	39.0	39.0	38.0	33.0	33.0	34.0	27.0	27.0	20.0	11.0	20.0	16.0	17.0	7.0	7.0	13.0	2.0	8.0	2.0	10.0	5.0	7.0	2.0	5.0	4.0	7.0	5.0	2.0	1.0	1.0	2.0	0.0	5.0	1.0	2.0	0.0	1.0	3.0	3.0	0.0	0.0
WC5	0.0	0.0	0.0	0.0	0.0	0.0	0.0	0.0	0.0	0.0	0.0	0.0	0.0	0.0	0.0	0.0	0.0	0.0	0.0	22362.0	136139.0	137532.0	127721.0	116507.0	102279.0	87358.0	75498.0	58384.0	43612.0	31904.0	22356.0	14461.0	8700.0	4904.0	2624.0	1506.0	835.0	560.0	418.0	392.0	280.0	261.0	256.0	271.0	218.0	205.0	189.0	157.0	162.0	124.0	153.0	161.0	106.0	102.0	112.0	97.0	66.0	75.0	74.0	76.0	71.0	57.0	44.0	43.0	48.0	35.0	36.0	23.0	27.0	25.0	25.0	28.0	22.0	19.0	8.0	16.0	14.0	10.0	17.0	10.0	10.0	14.0	4.0	4.0	5.0	5.0	4.0	6.0	7.0	3.0	3.0	1.0	5.0	2.0	8.0	4.0	1.0	7.0	0.0	1.0
WH1	0.0	0.0	0.0	0.0	0.0	0.0	0.0	0.0	0.0	0.0	0.0	0.0	0.0	0.0	0.0	0.0	0.0	0.0	0.0	19904.0	119503.0	124982.0	120626.0	110712.0	106957.0	92732.0	79312.0	62745.0	49799.0	36278.0	25508.0	17729.0	11323.0	6585.0	3870.0	2231.0	1390.0	969.0	704.0	577.0	462.0	395.0	291.0	247.0	225.0	215.0	308.0	501.0	207.0	164.0	155.0	134.0	110.0	109.0	115.0	88.0	89.0	94.0	53.0	57.0	47.0	40.0	37.0	32.0	46.0	28.0	16.0	29.0	46.0	27.0	32.0	19.0	10.0	12.0	8.0	9.0	10.0	13.0	6.0	8.0	5.0	12.0	6.0	6.0	4.0	6.0	3.0	6.0	6.0	5.0	1.0	2.0	3.0	1.0	1.0	2.0	1.0	4.0	3.0	1.0
WH2	0.0	0.0	0.0	0.0	0.0	0.0	0.0	0.0	0.0	0.0	0.0	0.0	0.0	0.0	0.0	0.0	0.0	0.0	0.0	18920.0	114407.0	117295.0	116175.0	109405.0	110830.0	96764.0	83079.0	67072.0	51772.0	37924.0	26602.0	17552.0	11462.0	6471.0	3353.0	1713.0	810.0	699.0	500.0	450.0	434.0	373.0	376.0	335.0	328.0	276.0	570.0	1127.0	280.0	168.0	196.0	141.0	190.0	114.0	151.0	146.0	109.0	94.0	81.0	90.0	86.0	61.0	58.0	54.0	53.0	55.0	40.0	38.0	49.0	23.0	28.0	34.0	25.0	27.0	21.0	20.0	38.0	20.0	24.0	11.0	13.0	14.0	8.0	12.0	15.0	7.0	13.0	13.0	2.0	8.0	2.0	7.0	1.0	0.0	3.0	4.0	4.0	1.0	0.0	2.0
WH3	0.0	0.0	0.0	0.0	0.0	0.0	0.0	0.0	0.0	0.0	0.0	0.0	0.0	0.0	0.0	0.0	0.0	0.0	0.0	19690.0	116179.0	119824.0	115702.0	109125.0	106301.0	92841.0	81161.0	65111.0	51669.0	38916.0	27971.0	18839.0	12594.0	7517.0	4473.0	2461.0	1594.0	1125.0	904.0	673.0	544.0	440.0	348.0	296.0	285.0	273.0	231.0	243.0	220.0	177.0	179.0	149.0	139.0	101.0	111.0	98.0	77.0	95.0	82.0	72.0	67.0	42.0	61.0	63.0	46.0	26.0	28.0	32.0	36.0	24.0	21.0	25.0	21.0	20.0	22.0	14.0	13.0	16.0	10.0	5.0	13.0	9.0	8.0	5.0	5.0	8.0	7.0	8.0	3.0	8.0	7.0	9.0	0.0	2.0	3.0	2.0	2.0	8.0	0.0	1.0
WH4	0.0	0.0	0.0	0.0	0.0	0.0	0.0	0.0	0.0	0.0	0.0	0.0	0.0	0.0	0.0	0.0	0.0	0.0	0.0	18624.0	113603.0	118470.0	116797.0	110624.0	107526.0	93786.0	82981.0	66173.0	52837.0	39618.0	27298.0	18731.0	11688.0	6740.0	3549.0	1755.0	957.0	718.0	528.0	503.0	412.0	447.0	339.0	323.0	290.0	307.0	351.0	596.0	255.0	227.0	189.0	162.0	155.0	162.0	150.0	104.0	115.0	96.0	90.0	108.0	107.0	71.0	71.0	61.0	66.0	47.0	59.0	60.0	29.0	41.0	43.0	36.0	27.0	27.0	22.0	19.0	20.0	24.0	14.0	11.0	14.0	9.0	15.0	6.0	14.0	10.0	1.0	4.0	4.0	7.0	6.0	3.0	4.0	1.0	4.0	6.0	3.0	7.0	3.0	3.0
WH5	0.0	0.0	0.0	0.0	0.0	0.0	0.0	0.0	0.0	0.0	0.0	0.0	0.0	0.0	0.0	0.0	0.0	0.0	0.0	20647.0	120110.0	125843.0	120046.0	113268.0	108859.0	93418.0	80461.0	62468.0	48905.0	36291.0	24802.0	16432.0	10314.0	5927.0	3104.0	1592.0	898.0	629.0	510.0	425.0	392.0	299.0	281.0	261.0	252.0	232.0	310.0	515.0	222.0	189.0	137.0	135.0	103.0	115.0	100.0	87.0	73.0	75.0	55.0	56.0	58.0	45.0	57.0	49.0	29.0	39.0	32.0	31.0	31.0	20.0	24.0	18.0	16.0	20.0	23.0	21.0	10.0	11.0	4.0	7.0	8.0	2.0	5.0	4.0	9.0	6.0	5.0	1.0	3.0	3.0	2.0	4.0	4.0	0.0	1.0	0.0	6.0	1.0	3.0	1.0
WN1	0.0	0.0	0.0	0.0	0.0	0.0	0.0	0.0	0.0	0.0	0.0	0.0	0.0	0.0	0.0	0.0	0.0	0.0	0.0	18533.0	108424.0	114714.0	113810.0	111167.0	105919.0	97013.0	88259.0	68213.0	53838.0	40324.0	29056.0	18902.0	11792.0	6879.0	3647.0	1843.0	966.0	601.0	528.0	497.0	448.0	416.0	332.0	315.0	332.0	285.0	246.0	278.0	250.0	212.0	200.0	124.0	152.0	117.0	138.0	115.0	91.0	74.0	79.0	78.0	84.0	57.0	50.0	38.0	43.0	30.0	30.0	39.0	27.0	22.0	29.0	17.0	14.0	16.0	16.0	17.0	15.0	8.0	9.0	16.0	7.0	9.0	5.0	3.0	7.0	8.0	10.0	2.0	3.0	4.0	0.0	3.0	3.0	6.0	5.0	4.0	1.0	2.0	1.0	1.0
WN2	0.0	0.0	0.0	0.0	0.0	0.0	0.0	0.0	0.0	0.0	0.0	0.0	0.0	0.0	0.0	0.0	0.0	0.0	0.0	18302.0	116995.0	121002.0	116613.0	113013.0	105246.0	93131.0	83845.0	65983.0	51464.0	38983.0	28265.0	17733.0	10945.0	6260.0	3231.0	1753.0	914.0	640.0	553.0	492.0	411.0	375.0	313.0	311.0	287.0	238.0	229.0	218.0	194.0	191.0	151.0	159.0	151.0	117.0	128.0	88.0	108.0	91.0	94.0	78.0	74.0	59.0	59.0	44.0	35.0	34.0	25.0	36.0	17.0	16.0	19.0	11.0	18.0	14.0	8.0	14.0	9.0	6.0	13.0	8.0	6.0	3.0	6.0	15.0	3.0	3.0	5.0	5.0	5.0	3.0	3.0	5.0	2.0	1.0	2.0	1.0	0.0	0.0	5.0	3.0
WN3	0.0	0.0	0.0	0.0	0.0	0.0	0.0	0.0	0.0	0.0	0.0	0.0	0.0	0.0	0.0	0.0	0.0	0.0	0.0	19693.0	117234.0	122482.0	119465.0	114179.0	105164.0	92595.0	83281.0	64078.0	49686.0	38010.0	27398.0	17097.0	10673.0	6103.0	3147.0	1661.0	882.0	651.0	536.0	439.0	382.0	376.0	337.0	333.0	302.0	271.0	225.0	287.0	280.0	210.0	208.0	163.0	184.0	148.0	154.0	132.0	119.0	96.0	115.0	90.0	75.0	101.0	71.0	67.0	54.0	50.0	54.0	38.0	47.0	36.0	35.0	33.0	36.0	27.0	28.0	38.0	18.0	24.0	17.0	13.0	18.0	12.0	12.0	9.0	13.0	10.0	10.0	3.0	3.0	4.0	9.0	2.0	4.0	9.0	1.0	2.0	2.0	2.0	3.0	3.0
WN4	0.0	0.0	0.0	0.0	0.0	0.0	0.0	0.0	0.0	0.0	0.0	0.0	0.0	0.0	0.0	0.0	0.0	0.0	0.0	21261.0	128367.0	130714.0	126009.0	116864.0	105373.0	91011.0	79700.0	59978.0	45443.0	33718.0	23385.0	14969.0	8843.0	5036.0	2536.0	1308.0	705.0	470.0	412.0	328.0	275.0	284.0	257.0	261.0	230.0	220.0	165.0	158.0	128.0	139.0	126.0	84.0	101.0	98.0	70.0	78.0	92.0	80.0	56.0	68.0	51.0	47.0	30.0	37.0	51.0	29.0	27.0	15.0	28.0	27.0	16.0	12.0	14.0	13.0	9.0	8.0	12.0	4.0	10.0	4.0	2.0	4.0	7.0	4.0	6.0	2.0	4.0	2.0	6.0	1.0	6.0	4.0	0.0	0.0	0.0	0.0	3.0	0.0	2.0	0.0
WN5	0.0	0.0	0.0	0.0	0.0	0.0	0.0	0.0	0.0	0.0	0.0	0.0	0.0	0.0	0.0	0.0	0.0	0.0	0.0	23282.0	139234.0	142320.0	131002.0	118019.0	103095.0	86877.0	74445.0	54747.0	42238.0	30307.0	21283.0	13256.0	7585.0	4466.0	2307.0	1153.0	615.0	455.0	363.0	286.0	255.0	277.0	219.0	198.0	150.0	135.0	148.0	112.0	123.0	98.0	72.0	62.0	65.0	70.0	55.0	52.0	42.0	37.0	37.0	46.0	29.0	32.0	32.0	23.0	27.0	20.0	17.0	21.0	13.0	16.0	5.0	5.0	3.0	10.0	11.0	9.0	8.0	6.0	2.0	7.0	4.0	2.0	4.0	1.0	3.0	4.0	1.0	0.0	4.0	7.0	3.0	1.0	1.0	0.0	1.0	5.0	1.0	0.0	0.0	2.0
