	13.0	14.0	15.0	16.0	17.0	18.0	19.0	20.0	21.0	22.0	23.0	24.0	25.0	26.0	27.0	28.0	29.0	30.0	31.0	32.0	33.0	34.0	35.0	36.0	37.0
BC1_1	1.0	0.0	22.0	57.0	117.0	238.0	499.0	908.0	1730.0	3764.0	7981.0	16874.0	34033.0	61428.0	104925.0	163793.0	243219.0	332393.0	442481.0	559794.0	737637.0	1039031.0	2024023.0	19173176.0	3587258.0
	11.0	12.0	13.0	14.0	15.0	16.0	17.0	18.0	19.0	20.0	21.0	22.0	23.0	24.0	25.0	26.0	27.0	28.0	29.0	30.0	31.0	32.0	33.0	34.0	35.0	36.0	37.0
BC1_2	261.0	6755.0	27761.0	30758.0	22319.0	15320.0	12582.0	12204.0	15566.0	24569.0	40548.0	55969.0	65931.0	73178.0	87975.0	106957.0	139421.0	180476.0	239247.0	312055.0	417049.0	551552.0	790863.0	1278288.0	3362241.0	18862973.0	1802564.0
	14.0	15.0	16.0	17.0	18.0	19.0	20.0	21.0	22.0	23.0	24.0	25.0	26.0	27.0	28.0	29.0	30.0	31.0	32.0	33.0	34.0	35.0	36.0	37.0
BC2_1	4.0	14.0	63.0	117.0	285.0	578.0	1072.0	2037.0	3859.0	8177.0	16725.0	34461.0	64924.0	115017.0	182713.0	272828.0	373748.0	497276.0	626595.0	843265.0	1183967.0	2364179.0	20608614.0	3084450.0
	11.0	12.0	13.0	14.0	15.0	16.0	17.0	18.0	19.0	20.0	21.0	22.0	23.0	24.0	25.0	26.0	27.0	28.0	29.0	30.0	31.0	32.0	33.0	34.0	35.0	36.0	37.0
BC2_2	377.0	11128.0	49866.0	59905.0	44189.0	30349.0	24357.0	23233.0	29069.0	43762.0	69791.0	91801.0	100696.0	103930.0	116976.0	136106.0	171591.0	215727.0	279097.0	357595.0	469622.0	613782.0	874257.0	1418799.0	3840350.0	19443730.0	1664883.0
	13.0	14.0	15.0	16.0	17.0	18.0	19.0	20.0	21.0	22.0	23.0	24.0	25.0	26.0	27.0	28.0	29.0	30.0	31.0	32.0	33.0	34.0	35.0	36.0	37.0
BC3_1	2.0	1.0	23.0	49.0	118.0	328.0	750.0	1403.0	2059.0	3721.0	7357.0	15327.0	31858.0	59443.0	106837.0	170923.0	258139.0	357475.0	479780.0	607089.0	812523.0	1151133.0	2277826.0	21270090.0	3609622.0
	11.0	12.0	13.0	14.0	15.0	16.0	17.0	18.0	19.0	20.0	21.0	22.0	23.0	24.0	25.0	26.0	27.0	28.0	29.0	30.0	31.0	32.0	33.0	34.0	35.0	36.0	37.0
BC3_2	120.0	3602.0	15277.0	17138.0	12666.0	8700.0	7467.0	7503.0	9801.0	15338.0	25952.0	38676.0	51284.0	63928.0	84177.0	109894.0	147683.0	195351.0	261599.0	345860.0	469142.0	624099.0	885315.0	1444355.0	3887591.0	20774984.0	1716374.0
	14.0	15.0	16.0	17.0	18.0	19.0	20.0	21.0	22.0	23.0	24.0	25.0	26.0	27.0	28.0	29.0	30.0	31.0	32.0	33.0	34.0	35.0	36.0	37.0
BC4_1	1.0	11.0	37.0	127.0	435.0	1159.0	1960.0	2973.0	4713.0	9029.0	18777.0	37906.0	68936.0	117518.0	182028.0	268108.0	363561.0	482915.0	609474.0	815132.0	1159682.0	2364964.0	20913820.0	3084745.0
	11.0	12.0	13.0	14.0	15.0	16.0	17.0	18.0	19.0	20.0	21.0	22.0	23.0	24.0	25.0	26.0	27.0	28.0	29.0	30.0	31.0	32.0	33.0	34.0	35.0	36.0	37.0
BC4_2	150.0	3947.0	17539.0	20786.0	14760.0	10246.0	8541.0	8470.0	10644.0	16379.0	27761.0	41315.0	53313.0	65229.0	83085.0	105127.0	139220.0	181819.0	240786.0	317211.0	428359.0	568394.0	819651.0	1346577.0	3646403.0	20546147.0	1786152.0
	14.0	15.0	16.0	17.0	18.0	19.0	20.0	21.0	22.0	23.0	24.0	25.0	26.0	27.0	28.0	29.0	30.0	31.0	32.0	33.0	34.0	35.0	36.0	37.0
BC5_1	1.0	18.0	38.0	116.0	488.0	1412.0	2469.0	3332.0	4908.0	8508.0	16279.0	32082.0	59772.0	105874.0	167276.0	249787.0	343111.0	455724.0	575311.0	774206.0	1088565.0	2158421.0	19570672.0	3282534.0
	11.0	12.0	13.0	14.0	15.0	16.0	17.0	18.0	19.0	20.0	21.0	22.0	23.0	24.0	25.0	26.0	27.0	28.0	29.0	30.0	31.0	32.0	33.0	34.0	35.0	36.0	37.0
BC5_2	108.0	2879.0	11944.0	13636.0	9868.0	6704.0	5594.0	5500.0	7301.0	11924.0	20994.0	31942.0	42277.0	52476.0	68383.0	90694.0	123803.0	164373.0	224069.0	299121.0	406400.0	547167.0	781566.0	1277042.0	3381666.0	19697432.0	1616041.0
	14.0	15.0	16.0	17.0	18.0	19.0	20.0	21.0	22.0	23.0	24.0	25.0	26.0	27.0	28.0	29.0	30.0	31.0	32.0	33.0	34.0	35.0	36.0	37.0
BH1_1	1.0	6.0	26.0	63.0	233.0	479.0	869.0	1465.0	2500.0	5081.0	10795.0	22363.0	42846.0	77309.0	125622.0	190974.0	268391.0	363457.0	464970.0	625981.0	898440.0	1857690.0	16176679.0	2395769.0
	11.0	12.0	13.0	14.0	15.0	16.0	17.0	18.0	19.0	20.0	21.0	22.0	23.0	24.0	25.0	26.0	27.0	28.0	29.0	30.0	31.0	32.0	33.0	34.0	35.0	36.0	37.0
BH1_2	60.0	1703.0	8134.0	10899.0	9127.0	7054.0	6189.0	6193.0	7848.0	12072.0	20179.0	28924.0	37087.0	43925.0	56536.0	72220.0	98858.0	132260.0	180938.0	241523.0	332133.0	447039.0	653091.0	1078518.0	2942459.0	15820885.0	1276155.0
	14.0	15.0	16.0	17.0	18.0	19.0	20.0	21.0	22.0	23.0	24.0	25.0	26.0	27.0	28.0	29.0	30.0	31.0	32.0	33.0	34.0	35.0	36.0	37.0
BH2_1	1.0	8.0	35.0	102.0	436.0	1091.0	2077.0	3108.0	5200.0	10061.0	19946.0	39969.0	73361.0	126784.0	201910.0	302872.0	417304.0	558995.0	717639.0	977928.0	1350455.0	2639442.0	24186491.0	4224430.0
	11.0	12.0	13.0	14.0	15.0	16.0	17.0	18.0	19.0	20.0	21.0	22.0	23.0	24.0	25.0	26.0	27.0	28.0	29.0	30.0	31.0	32.0	33.0	34.0	35.0	36.0	37.0
BH2_2	274.0	7490.0	30596.0	35100.0	24987.0	17169.0	14321.0	13621.0	17102.0	26376.0	44981.0	63689.0	77296.0	86995.0	106417.0	132116.0	173750.0	226885.0	302146.0	398193.0	544529.0	717457.0	1028445.0	1680343.0	4551082.0	23658289.0	1879996.0
	15.0	16.0	17.0	18.0	19.0	20.0	21.0	22.0	23.0	24.0	25.0	26.0	27.0	28.0	29.0	30.0	31.0	32.0	33.0	34.0	35.0	36.0	37.0
BH3_1	12.0	37.0	98.0	242.0	647.0	1238.0	2066.0	3832.0	8130.0	17304.0	37483.0	70755.0	126278.0	200122.0	298502.0	408105.0	542624.0	684485.0	908955.0	1293712.0	2616261.0	23496593.0	3833208.0
	11.0	12.0	13.0	14.0	15.0	16.0	17.0	18.0	19.0	20.0	21.0	22.0	23.0	24.0	25.0	26.0	27.0	28.0	29.0	30.0	31.0	32.0	33.0	34.0	35.0	36.0	37.0
BH3_2	148.0	3455.0	15532.0	18859.0	14464.0	10507.0	8902.0	9200.0	11421.0	17651.0	29911.0	43031.0	54869.0	66929.0	85923.0	110248.0	148481.0	194792.0	264115.0	348398.0	471556.0	627472.0	901226.0	1454503.0	3802324.0	23419963.0	2416809.0
	14.0	15.0	16.0	17.0	18.0	19.0	20.0	21.0	22.0	23.0	24.0	25.0	26.0	27.0	28.0	29.0	30.0	31.0	32.0	33.0	34.0	35.0	36.0	37.0
BH4_1	2.0	11.0	36.0	110.0	210.0	417.0	711.0	1420.0	2703.0	6030.0	12750.0	27265.0	52706.0	97574.0	158168.0	242221.0	337542.0	453838.0	575405.0	768028.0	1093452.0	2218533.0	19804723.0	3277132.0
	11.0	12.0	13.0	14.0	15.0	16.0	17.0	18.0	19.0	20.0	21.0	22.0	23.0	24.0	25.0	26.0	27.0	28.0	29.0	30.0	31.0	32.0	33.0	34.0	35.0	36.0	37.0
BH4_2	90.0	2473.0	11101.0	13774.0	11307.0	8215.0	7381.0	7569.0	9741.0	14855.0	23827.0	33596.0	42066.0	49937.0	63838.0	83038.0	113046.0	152586.0	209135.0	280331.0	385875.0	523305.0	756856.0	1243734.0	3292434.0	19775282.0	2015595.0
	14.0	15.0	16.0	17.0	18.0	19.0	20.0	21.0	22.0	23.0	24.0	25.0	26.0	27.0	28.0	29.0	30.0	31.0	32.0	33.0	34.0	35.0	36.0	37.0
BH5_1	2.0	12.0	43.0	112.0	362.0	956.0	1949.0	3192.0	5229.0	10098.0	19953.0	40686.0	73637.0	128775.0	201171.0	298421.0	405647.0	539010.0	680326.0	911404.0	1289353.0	2582061.0	23079249.0	3772437.0
	11.0	12.0	13.0	14.0	15.0	16.0	17.0	18.0	19.0	20.0	21.0	22.0	23.0	24.0	25.0	26.0	27.0	28.0	29.0	30.0	31.0	32.0	33.0	34.0	35.0	36.0	37.0
BH5_2	190.0	5787.0	22515.0	25018.0	17851.0	12040.0	9644.0	9479.0	12140.0	18857.0	31515.0	46238.0	59448.0	71551.0	91071.0	117563.0	155955.0	204782.0	274621.0	361173.0	487803.0	647531.0	930617.0	1528384.0	4140165.0	22813136.0	1949011.0
	15.0	16.0	17.0	18.0	19.0	20.0	21.0	22.0	23.0	24.0	25.0	26.0	27.0	28.0	29.0	30.0	31.0	32.0	33.0	34.0	35.0	36.0	37.0
BN1_1	15.0	38.0	113.0	248.0	471.0	845.0	1798.0	3710.0	8158.0	17569.0	37425.0	69998.0	123727.0	195150.0	293362.0	404139.0	543427.0	688664.0	927466.0	1304510.0	2605619.0	23394732.0	3760643.0
	11.0	12.0	13.0	14.0	15.0	16.0	17.0	18.0	19.0	20.0	21.0	22.0	23.0	24.0	25.0	26.0	27.0	28.0	29.0	30.0	31.0	32.0	33.0	34.0	35.0	36.0	37.0
BN1_2	139.0	3762.0	15852.0	19428.0	14039.0	10082.0	8495.0	8751.0	11450.0	17723.0	29513.0	42844.0	57174.0	72942.0	96479.0	125276.0	168107.0	222230.0	298771.0	390668.0	527440.0	699998.0	1005692.0	1664366.0	4558948.0	22543572.0	1768086.0
	13.0	14.0	15.0	16.0	17.0	18.0	19.0	20.0	21.0	22.0	23.0	24.0	25.0	26.0	27.0	28.0	29.0	30.0	31.0	32.0	33.0	34.0	35.0	36.0	37.0
BN2_1	1.0	1.0	11.0	52.0	105.0	396.0	1019.0	1731.0	2767.0	4747.0	9759.0	20405.0	42731.0	80805.0	142744.0	225892.0	336494.0	458963.0	609138.0	763485.0	1005753.0	1405000.0	2728154.0	25474851.0	4658876.0
	11.0	12.0	13.0	14.0	15.0	16.0	17.0	18.0	19.0	20.0	21.0	22.0	23.0	24.0	25.0	26.0	27.0	28.0	29.0	30.0	31.0	32.0	33.0	34.0	35.0	36.0	37.0
BN2_2	143.0	4658.0	21044.0	25703.0	18875.0	13018.0	10955.0	10941.0	13846.0	21597.0	35843.0	51700.0	64866.0	76472.0	97655.0	125047.0	167642.0	220960.0	299094.0	395041.0	532701.0	709345.0	1015232.0	1633109.0	4298278.0	25530970.0	2579145.0
	15.0	16.0	17.0	18.0	19.0	20.0	21.0	22.0	23.0	24.0	25.0	26.0	27.0	28.0	29.0	30.0	31.0	32.0	33.0	34.0	35.0	36.0	37.0
BN3_1	12.0	35.0	102.0	283.0	675.0	1215.0	2233.0	3969.0	8480.0	17535.0	36540.0	66480.0	116207.0	179908.0	263942.0	357677.0	472059.0	590950.0	779605.0	1103535.0	2190119.0	20009769.0	3403087.0
	11.0	12.0	13.0	14.0	15.0	16.0	17.0	18.0	19.0	20.0	21.0	22.0	23.0	24.0	25.0	26.0	27.0	28.0	29.0	30.0	31.0	32.0	33.0	34.0	35.0	36.0	37.0
BN3_2	275.0	8118.0	33432.0	38853.0	29054.0	19765.0	15994.0	15035.0	18619.0	28381.0	45719.0	61888.0	70723.0	77066.0	91618.0	111866.0	145008.0	185604.0	245650.0	318688.0	425636.0	564243.0	812420.0	1341202.0	3617795.0	19524441.0	1757324.0
	15.0	16.0	17.0	18.0	19.0	20.0	21.0	22.0	23.0	24.0	25.0	26.0	27.0	28.0	29.0	30.0	31.0	32.0	33.0	34.0	35.0	36.0	37.0
BN5_1	13.0	52.0	109.0	250.0	508.0	910.0	1722.0	3249.0	7307.0	15313.0	31829.0	58241.0	102250.0	162282.0	244551.0	339859.0	456411.0	582228.0	787138.0	1087452.0	2122568.0	20540068.0	3743300.0
	11.0	12.0	13.0	14.0	15.0	16.0	17.0	18.0	19.0	20.0	21.0	22.0	23.0	24.0	25.0	26.0	27.0	28.0	29.0	30.0	31.0	32.0	33.0	34.0	35.0	36.0	37.0
BN5_2	121.0	3547.0	15032.0	18225.0	13471.0	9792.0	8422.0	8584.0	11151.0	17236.0	28806.0	41883.0	53895.0	65234.0	83771.0	106212.0	141761.0	185180.0	250201.0	328836.0	443851.0	588333.0	850365.0	1394773.0	3799524.0	20123022.0	1696382.0
	14.0	15.0	16.0	17.0	18.0	19.0	20.0	21.0	22.0	23.0	24.0	25.0	26.0	27.0	28.0	29.0	30.0	31.0	32.0	33.0	34.0	35.0	36.0	37.0
MC1_1	2.0	11.0	22.0	88.0	344.0	901.0	1507.0	2289.0	3667.0	7152.0	14662.0	31051.0	58125.0	103503.0	165920.0	248114.0	339907.0	451641.0	569342.0	762540.0	1070476.0	2173888.0	19585546.0	2941149.0
	11.0	12.0	13.0	14.0	15.0	16.0	17.0	18.0	19.0	20.0	21.0	22.0	23.0	24.0	25.0	26.0	27.0	28.0	29.0	30.0	31.0	32.0	33.0	34.0	35.0	36.0	37.0
MC1_2	103.0	3109.0	13915.0	16372.0	11644.0	8390.0	7283.0	7184.0	9254.0	14005.0	23724.0	35265.0	46061.0	57088.0	74035.0	95888.0	130062.0	170706.0	229606.0	302367.0	405518.0	540166.0	769792.0	1245887.0	3313571.0	19254343.0	1746509.0
	14.0	15.0	16.0	17.0	18.0	19.0	20.0	21.0	22.0	23.0	24.0	25.0	26.0	27.0	28.0	29.0	30.0	31.0	32.0	33.0	34.0	35.0	36.0	37.0
MC2_1	1.0	5.0	36.0	113.0	342.0	1004.0	1732.0	2760.0	4658.0	9710.0	19519.0	38351.0	66929.0	113018.0	174245.0	257935.0	351621.0	469870.0	606166.0	808013.0	1124433.0	2200726.0	20690111.0	3660886.0
	11.0	12.0	13.0	14.0	15.0	16.0	17.0	18.0	19.0	20.0	21.0	22.0	23.0	24.0	25.0	26.0	27.0	28.0	29.0	30.0	31.0	32.0	33.0	34.0	35.0	36.0	37.0
MC2_2	160.0	5320.0	20705.0	22834.0	15880.0	10744.0	8898.0	8938.0	11408.0	17595.0	30430.0	46132.0	61399.0	75415.0	95936.0	119564.0	157834.0	204748.0	271969.0	355345.0	475841.0	628230.0	904187.0	1505223.0	4175407.0	20026945.0	1345097.0
	15.0	16.0	17.0	18.0	19.0	20.0	21.0	22.0	23.0	24.0	25.0	26.0	27.0	28.0	29.0	30.0	31.0	32.0	33.0	34.0	35.0	36.0	37.0
MC3_1	4.0	38.0	98.0	480.0	1260.0	2208.0	3030.0	4652.0	8035.0	15660.0	30948.0	57895.0	102386.0	161971.0	239473.0	325670.0	431076.0	547384.0	733241.0	1052837.0	2196496.0	17496907.0	2087806.0
	11.0	12.0	13.0	14.0	15.0	16.0	17.0	18.0	19.0	20.0	21.0	22.0	23.0	24.0	25.0	26.0	27.0	28.0	29.0	30.0	31.0	32.0	33.0	34.0	35.0	36.0	37.0
MC3_2	340.0	9020.0	32958.0	37366.0	27202.0	18022.0	14188.0	13265.0	16374.0	24898.0	40526.0	57724.0	72695.0	87461.0	111522.0	141549.0	184714.0	231820.0	298254.0	374934.0	485636.0	629167.0	905461.0	1563371.0	4541289.0	14940217.0	639582.0
	12.0	13.0	14.0	15.0	16.0	17.0	18.0	19.0	20.0	21.0	22.0	23.0	24.0	25.0	26.0	27.0	28.0	29.0	30.0	31.0	32.0	33.0	34.0	35.0	36.0	37.0
MC4_1	1.0	0.0	1.0	16.0	41.0	136.0	434.0	1193.0	2172.0	3559.0	5787.0	10999.0	20859.0	39654.0	70404.0	121515.0	190010.0	286367.0	395341.0	529537.0	673402.0	900078.0	1270126.0	2479569.0	22998667.0	4052984.0
	10.0	11.0	12.0	13.0	14.0	15.0	16.0	17.0	18.0	19.0	20.0	21.0	22.0	23.0	24.0	25.0	26.0	27.0	28.0	29.0	30.0	31.0	32.0	33.0	34.0	35.0	36.0	37.0
MC4_2	1.0	311.0	11218.0	46208.0	51780.0	36185.0	23883.0	18535.0	17206.0	21433.0	32709.0	55745.0	78638.0	90894.0	95883.0	109631.0	130218.0	167825.0	214163.0	284961.0	373553.0	504780.0	668383.0	966912.0	1589145.0	4349853.0	22469435.0	1643364.0
	14.0	15.0	16.0	17.0	18.0	19.0	20.0	21.0	22.0	23.0	24.0	25.0	26.0	27.0	28.0	29.0	30.0	31.0	32.0	33.0	34.0	35.0	36.0	37.0
MC5_1	1.0	10.0	35.0	116.0	427.0	1235.0	2138.0	3135.0	4993.0	9243.0	18135.0	37633.0	71529.0	129535.0	207549.0	313835.0	432633.0	578172.0	734609.0	977596.0	1385389.0	2778084.0	25397573.0	4111821.0
	11.0	12.0	13.0	14.0	15.0	16.0	17.0	18.0	19.0	20.0	21.0	22.0	23.0	24.0	25.0	26.0	27.0	28.0	29.0	30.0	31.0	32.0	33.0	34.0	35.0	36.0	37.0
MC5_2	118.0	2812.0	13429.0	17936.0	14395.0	11058.0	10041.0	10180.0	12796.0	19025.0	32453.0	48215.0	61478.0	72590.0	91398.0	116751.0	159407.0	211579.0	286899.0	380510.0	516451.0	689291.0	990489.0	1605737.0	4269285.0	25254460.0	2296643.0
	14.0	15.0	16.0	17.0	18.0	19.0	20.0	21.0	22.0	23.0	24.0	25.0	26.0	27.0	28.0	29.0	30.0	31.0	32.0	33.0	34.0	35.0	36.0	37.0
MH1_1	3.0	7.0	27.0	110.0	280.0	850.0	1545.0	2584.0	4492.0	8502.0	16699.0	33463.0	61988.0	108955.0	172715.0	260030.0	357708.0	479125.0	606141.0	814720.0	1131574.0	2192084.0	20600891.0	3988820.0
	11.0	12.0	13.0	14.0	15.0	16.0	17.0	18.0	19.0	20.0	21.0	22.0	23.0	24.0	25.0	26.0	27.0	28.0	29.0	30.0	31.0	32.0	33.0	34.0	35.0	36.0	37.0
MH1_2	178.0	4325.0	17572.0	21762.0	16897.0	12320.0	10496.0	10473.0	13710.0	20619.0	35488.0	50280.0	61782.0	70780.0	86113.0	107206.0	142368.0	186277.0	250425.0	329642.0	444005.0	592457.0	847020.0	1363020.0	3608476.0	20661266.0	1878356.0
	14.0	15.0	16.0	17.0	18.0	19.0	20.0	21.0	22.0	23.0	24.0	25.0	26.0	27.0	28.0	29.0	30.0	31.0	32.0	33.0	34.0	35.0	36.0	37.0
MH2_1	1.0	12.0	45.0	100.0	440.0	1077.0	1868.0	2856.0	4559.0	8133.0	16030.0	32645.0	61555.0	109786.0	176776.0	268308.0	371885.0	504731.0	646609.0	879066.0	1240184.0	2568344.0	21709348.0	3015216.0
	11.0	12.0	13.0	14.0	15.0	16.0	17.0	18.0	19.0	20.0	21.0	22.0	23.0	24.0	25.0	26.0	27.0	28.0	29.0	30.0	31.0	32.0	33.0	34.0	35.0	36.0	37.0
MH2_2	107.0	2921.0	14260.0	18465.0	14463.0	10596.0	8912.0	8802.0	11426.0	16935.0	28235.0	40268.0	50425.0	59843.0	76293.0	98373.0	134001.0	178738.0	243812.0	324778.0	443834.0	592139.0	860117.0	1406517.0	3741843.0	21236923.0	1996548.0
	15.0	16.0	17.0	18.0	19.0	20.0	21.0	22.0	23.0	24.0	25.0	26.0	27.0	28.0	29.0	30.0	31.0	32.0	33.0	34.0	35.0	36.0	37.0
MH3_1	8.0	30.0	105.0	310.0	726.0	1404.0	2549.0	4454.0	8794.0	17777.0	37185.0	70852.0	128592.0	208092.0	315385.0	436552.0	588325.0	744279.0	989611.0	1396746.0	2717400.0	25951211.0	4909951.0
	11.0	12.0	13.0	14.0	15.0	16.0	17.0	18.0	19.0	20.0	21.0	22.0	23.0	24.0	25.0	26.0	27.0	28.0	29.0	30.0	31.0	32.0	33.0	34.0	35.0	36.0	37.0
MH3_2	122.0	2522.0	14045.0	21034.0	18125.0	13687.0	11999.0	11723.0	14513.0	21826.0	35363.0	50652.0	63013.0	73571.0	92078.0	117946.0	159386.0	212119.0	289606.0	384840.0	520716.0	700219.0	1004082.0	1623110.0	4316998.0	26178207.0	2578836.0
	14.0	15.0	16.0	17.0	18.0	19.0	20.0	21.0	22.0	23.0	24.0	25.0	26.0	27.0	28.0	29.0	30.0	31.0	32.0	33.0	34.0	35.0	36.0	37.0
MH4_1	1.0	12.0	47.0	118.0	224.0	522.0	1054.0	2038.0	4296.0	9030.0	18500.0	36873.0	68291.0	121030.0	193143.0	291724.0	404096.0	542832.0	691966.0	916616.0	1291706.0	2578039.0	23005924.0	3780363.0
	11.0	12.0	13.0	14.0	15.0	16.0	17.0	18.0	19.0	20.0	21.0	22.0	23.0	24.0	25.0	26.0	27.0	28.0	29.0	30.0	31.0	32.0	33.0	34.0	35.0	36.0	37.0
MH4_2	317.0	7640.0	33548.0	40917.0	31169.0	22456.0	18441.0	18194.0	22696.0	33811.0	54875.0	75028.0	89607.0	100870.0	121923.0	150038.0	195526.0	251581.0	331854.0	428601.0	566355.0	744478.0	1079696.0	1829465.0	5190286.0	21176901.0	1342172.0
	14.0	15.0	16.0	17.0	18.0	19.0	20.0	21.0	22.0	23.0	24.0	25.0	26.0	27.0	28.0	29.0	30.0	31.0	32.0	33.0	34.0	35.0	36.0	37.0
MH5_1	1.0	9.0	31.0	84.0	185.0	362.0	694.0	1291.0	2443.0	5006.0	10074.0	21135.0	41185.0	76243.0	125951.0	195687.0	277642.0	378256.0	486477.0	654541.0	945569.0	1907881.0	17036408.0	2741346.0
	11.0	12.0	13.0	14.0	15.0	16.0	17.0	18.0	19.0	20.0	21.0	22.0	23.0	24.0	25.0	26.0	27.0	28.0	29.0	30.0	31.0	32.0	33.0	34.0	35.0	36.0	37.0
MH5_2	38.0	674.0	3762.0	5995.0	5590.0	4545.0	4527.0	4877.0	6607.0	9803.0	15566.0	23071.0	32104.0	41631.0	55631.0	73567.0	102325.0	137781.0	190795.0	257546.0	353893.0	476320.0	702982.0	1168252.0	3155532.0	16563592.0	1511495.0
	14.0	15.0	16.0	17.0	18.0	19.0	20.0	21.0	22.0	23.0	24.0	25.0	26.0	27.0	28.0	29.0	30.0	31.0	32.0	33.0	34.0	35.0	36.0	37.0
MN1_1	1.0	12.0	42.0	161.0	418.0	1085.0	1907.0	3221.0	5939.0	11763.0	24095.0	49613.0	92630.0	164790.0	262559.0	393725.0	543617.0	724059.0	916637.0	1216617.0	1726711.0	3423222.0	31704458.0	5459988.0
	11.0	12.0	13.0	14.0	15.0	16.0	17.0	18.0	19.0	20.0	21.0	22.0	23.0	24.0	25.0	26.0	27.0	28.0	29.0	30.0	31.0	32.0	33.0	34.0	35.0	36.0	37.0
MN1_2	515.0	14355.0	54099.0	57746.0	40561.0	27667.0	23263.0	22662.0	28804.0	44714.0	73182.0	99191.0	112442.0	119755.0	140123.0	169448.0	219523.0	282719.0	377067.0	497002.0	675001.0	889349.0	1289843.0	2110860.0	5688643.0	30850443.0	2818293.0
	14.0	15.0	16.0	17.0	18.0	19.0	20.0	21.0	22.0	23.0	24.0	25.0	26.0	27.0	28.0	29.0	30.0	31.0	32.0	33.0	34.0	35.0	36.0	37.0
MN2_1	1.0	5.0	27.0	90.0	281.0	611.0	1189.0	1947.0	3595.0	7713.0	15976.0	33438.0	63106.0	112375.0	178266.0	268885.0	369744.0	493958.0	625556.0	833879.0	1186667.0	2373825.0	21314634.0	3434093.0
	11.0	12.0	13.0	14.0	15.0	16.0	17.0	18.0	19.0	20.0	21.0	22.0	23.0	24.0	25.0	26.0	27.0	28.0	29.0	30.0	31.0	32.0	33.0	34.0	35.0	36.0	37.0
MN2_2	150.0	4920.0	19628.0	21712.0	15742.0	10976.0	9321.0	9379.0	11679.0	18633.0	30546.0	43893.0	53797.0	62521.0	79137.0	100148.0	134918.0	178548.0	241957.0	322078.0	441221.0	587429.0	858551.0	1408381.0	3791061.0	20980089.0	1883446.0
	15.0	16.0	17.0	18.0	19.0	20.0	21.0	22.0	23.0	24.0	25.0	26.0	27.0	28.0	29.0	30.0	31.0	32.0	33.0	34.0	35.0	36.0	37.0
MN3_1	12.0	42.0	87.0	217.0	528.0	1038.0	2123.0	4240.0	9154.0	19012.0	39436.0	72812.0	126718.0	197006.0	292555.0	398112.0	525499.0	657183.0	865934.0	1213685.0	2352186.0	22776068.0	4346573.0
	11.0	12.0	13.0	14.0	15.0	16.0	17.0	18.0	19.0	20.0	21.0	22.0	23.0	24.0	25.0	26.0	27.0	28.0	29.0	30.0	31.0	32.0	33.0	34.0	35.0	36.0	37.0
MN3_2	473.0	12123.0	47937.0	54354.0	39021.0	26047.0	21031.0	19706.0	24392.0	37684.0	61840.0	84047.0	97131.0	103682.0	119911.0	143933.0	184617.0	233417.0	305144.0	389782.0	513095.0	668392.0	943471.0	1521152.0	4071841.0	22224788.0	1951209.0
	15.0	16.0	17.0	18.0	19.0	20.0	21.0	22.0	23.0	24.0	25.0	26.0	27.0	28.0	29.0	30.0	31.0	32.0	33.0	34.0	35.0	36.0	37.0
MN4_1	8.0	35.0	91.0	163.0	345.0	630.0	1204.0	2475.0	5602.0	12400.0	26269.0	50163.0	88554.0	140762.0	212904.0	291939.0	390371.0	492691.0	654349.0	932192.0	1849710.0	16412343.0	2762329.0
	11.0	12.0	13.0	14.0	15.0	16.0	17.0	18.0	19.0	20.0	21.0	22.0	23.0	24.0	25.0	26.0	27.0	28.0	29.0	30.0	31.0	32.0	33.0	34.0	35.0	36.0	37.0
MN4_2	89.0	1925.0	9837.0	13333.0	10853.0	8012.0	6828.0	6731.0	8736.0	13277.0	21949.0	30807.0	40038.0	48318.0	62979.0	81062.0	110521.0	147234.0	198619.0	263998.0	360824.0	487803.0	702804.0	1155240.0	3088587.0	15995232.0	1451893.0
	15.0	16.0	17.0	18.0	19.0	20.0	21.0	22.0	23.0	24.0	25.0	26.0	27.0	28.0	29.0	30.0	31.0	32.0	33.0	34.0	35.0	36.0	37.0
MN5_1	11.0	33.0	110.0	354.0	933.0	1661.0	2703.0	4177.0	7680.0	14375.0	28355.0	53325.0	96373.0	158137.0	247284.0	352630.0	486824.0	632684.0	862430.0	1241320.0	2455354.0	23034842.0	4098525.0
	11.0	12.0	13.0	14.0	15.0	16.0	17.0	18.0	19.0	20.0	21.0	22.0	23.0	24.0	25.0	26.0	27.0	28.0	29.0	30.0	31.0	32.0	33.0	34.0	35.0	36.0	37.0
MN5_2	411.0	9919.0	37549.0	43657.0	34766.0	24380.0	19004.0	17240.0	20975.0	30322.0	45612.0	60630.0	73113.0	82950.0	102042.0	129649.0	173143.0	226255.0	305458.0	407923.0	557535.0	759525.0	1161873.0	2158504.0	6550408.0	19794110.0	953167.0
	14.0	15.0	16.0	17.0	18.0	19.0	20.0	21.0	22.0	23.0	24.0	25.0	26.0	27.0	28.0	29.0	30.0	31.0	32.0	33.0	34.0	35.0	36.0	37.0
OC1_1	2.0	5.0	48.0	108.0	486.0	1146.0	2163.0	3330.0	5394.0	10302.0	19856.0	39869.0	73956.0	130192.0	203088.0	303576.0	415240.0	552494.0	699150.0	926663.0	1302740.0	2536604.0	23923685.0	4172907.0
	10.0	11.0	12.0	13.0	14.0	15.0	16.0	17.0	18.0	19.0	20.0	21.0	22.0	23.0	24.0	25.0	26.0	27.0	28.0	29.0	30.0	31.0	32.0	33.0	34.0	35.0	36.0	37.0
OC1_2	1.0	612.0	17061.0	61391.0	65587.0	45494.0	30222.0	24171.0	22657.0	27663.0	41727.0	69375.0	95995.0	107271.0	107837.0	118853.0	138083.0	174094.0	219851.0	287491.0	372016.0	494599.0	651076.0	925259.0	1490439.0	3977221.0	23552778.0	2204180.0
	13.0	14.0	15.0	16.0	17.0	18.0	19.0	20.0	21.0	22.0	23.0	24.0	25.0	26.0	27.0	28.0	29.0	30.0	31.0	32.0	33.0	34.0	35.0	36.0	37.0
OC2_1	4.0	184.0	609.0	205.0	133.0	436.0	1237.0	2045.0	3227.0	5251.0	10209.0	20352.0	40849.0	74749.0	129472.0	202213.0	301355.0	412318.0	549094.0	697416.0	937671.0	1321132.0	2696834.0	23438661.0	3362178.0
	11.0	12.0	13.0	14.0	15.0	16.0	17.0	18.0	19.0	20.0	21.0	22.0	23.0	24.0	25.0	26.0	27.0	28.0	29.0	30.0	31.0	32.0	33.0	34.0	35.0	36.0	37.0
OC2_2	205.0	6083.0	28953.0	36380.0	27437.0	19047.0	16278.0	15492.0	18918.0	28302.0	47751.0	67502.0	78616.0	84513.0	98920.0	118658.0	155377.0	200663.0	269152.0	354753.0	479852.0	639147.0	921803.0	1499239.0	3987701.0	22973381.0	2033711.0
	14.0	15.0	16.0	17.0	18.0	19.0	20.0	21.0	22.0	23.0	24.0	25.0	26.0	27.0	28.0	29.0	30.0	31.0	32.0	33.0	34.0	35.0	36.0	37.0
OC3_1	2.0	12.0	47.0	126.0	281.0	543.0	861.0	1723.0	3366.0	7002.0	14735.0	30692.0	57919.0	103463.0	165780.0	249811.0	343081.0	459745.0	580035.0	768418.0	1087256.0	2180448.0	19570978.0	3255770.0
	11.0	12.0	13.0	14.0	15.0	16.0	17.0	18.0	19.0	20.0	21.0	22.0	23.0	24.0	25.0	26.0	27.0	28.0	29.0	30.0	31.0	32.0	33.0	34.0	35.0	36.0	37.0
OC3_2	129.0	3915.0	17502.0	21823.0	16912.0	12425.0	10569.0	10570.0	12867.0	19035.0	30003.0	42074.0	52455.0	60634.0	75791.0	95384.0	128079.0	169416.0	229436.0	304730.0	414326.0	555836.0	810171.0	1345750.0	3631229.0	19027989.0	1783044.0
	14.0	15.0	16.0	17.0	18.0	19.0	20.0	21.0	22.0	23.0	24.0	25.0	26.0	27.0	28.0	29.0	30.0	31.0	32.0	33.0	34.0	35.0	36.0	37.0
OC4_1	1.0	8.0	37.0	137.0	566.0	1390.0	2420.0	3870.0	6411.0	12402.0	24855.0	49283.0	88892.0	152278.0	234276.0	343820.0	465483.0	612793.0	769987.0	1015780.0	1424204.0	2731974.0	25909432.0	5168157.0
	11.0	12.0	13.0	14.0	15.0	16.0	17.0	18.0	19.0	20.0	21.0	22.0	23.0	24.0	25.0	26.0	27.0	28.0	29.0	30.0	31.0	32.0	33.0	34.0	35.0	36.0	37.0
OC4_2	291.0	6938.0	27338.0	30970.0	22242.0	15185.0	12793.0	12598.0	16078.0	24334.0	41517.0	60866.0	79087.0	95199.0	122152.0	154432.0	203063.0	262604.0	347503.0	452306.0	601277.0	792072.0	1119035.0	1808518.0	4857177.0	25815968.0	2036913.0
	14.0	15.0	16.0	17.0	18.0	19.0	20.0	21.0	22.0	23.0	24.0	25.0	26.0	27.0	28.0	29.0	30.0	31.0	32.0	33.0	34.0	35.0	36.0	37.0
OC5_1	1.0	7.0	46.0	106.0	254.0	635.0	1133.0	2148.0	4115.0	9018.0	19369.0	40255.0	74309.0	129503.0	201509.0	297621.0	406832.0	536899.0	675328.0	891928.0	1249919.0	2449868.0	22577088.0	3812415.0
	11.0	12.0	13.0	14.0	15.0	16.0	17.0	18.0	19.0	20.0	21.0	22.0	23.0	24.0	25.0	26.0	27.0	28.0	29.0	30.0	31.0	32.0	33.0	34.0	35.0	36.0	37.0
OC5_2	241.0	7623.0	31529.0	36453.0	26321.0	17307.0	13748.0	13270.0	16248.0	24957.0	41356.0	59238.0	76502.0	93116.0	118128.0	148246.0	195329.0	249501.0	326044.0	418030.0	546875.0	712707.0	1009920.0	1668991.0	4652044.0	21407706.0	1468876.0
	15.0	16.0	17.0	18.0	19.0	20.0	21.0	22.0	23.0	24.0	25.0	26.0	27.0	28.0	29.0	30.0	31.0	32.0	33.0	34.0	35.0	36.0	37.0
OH1_1	17.0	54.0	122.0	372.0	789.0	1433.0	2430.0	4296.0	8696.0	17723.0	36587.0	69350.0	122996.0	199855.0	306232.0	428862.0	581149.0	743934.0	1002380.0	1415469.0	2880650.0	26236207.0	4173984.0
	11.0	12.0	13.0	14.0	15.0	16.0	17.0	18.0	19.0	20.0	21.0	22.0	23.0	24.0	25.0	26.0	27.0	28.0	29.0	30.0	31.0	32.0	33.0	34.0	35.0	36.0	37.0
OH1_2	169.0	5139.0	21103.0	23494.0	17558.0	12402.0	10596.0	10734.0	13455.0	20865.0	35083.0	50948.0	66773.0	82043.0	106703.0	137689.0	184118.0	243541.0	328852.0	432064.0	583456.0	776216.0	1132776.0	1904261.0	5317651.0	24926056.0	1789842.0
	14.0	15.0	16.0	17.0	18.0	19.0	20.0	21.0	22.0	23.0	24.0	25.0	26.0	27.0	28.0	29.0	30.0	31.0	32.0	33.0	34.0	35.0	36.0	37.0
OH2_1	4.0	18.0	59.0	114.0	200.0	449.0	793.0	1532.0	3233.0	7148.0	15549.0	32743.0	61891.0	110566.0	175528.0	262140.0	360857.0	481495.0	611132.0	815857.0	1153289.0	2331431.0	20792355.0	3355657.0
	11.0	12.0	13.0	14.0	15.0	16.0	17.0	18.0	19.0	20.0	21.0	22.0	23.0	24.0	25.0	26.0	27.0	28.0	29.0	30.0	31.0	32.0	33.0	34.0	35.0	36.0	37.0
OH2_2	171.0	4810.0	19809.0	23942.0	17492.0	11927.0	9817.0	9461.0	12138.0	18877.0	30664.0	42494.0	53352.0	63345.0	79846.0	102392.0	137288.0	180021.0	243113.0	320646.0	433343.0	577154.0	844633.0	1382324.0	3625157.0	20255400.0	2074424.0
	14.0	15.0	16.0	17.0	18.0	19.0	20.0	21.0	22.0	23.0	24.0	25.0	26.0	27.0	28.0	29.0	30.0	31.0	32.0	33.0	34.0	35.0	36.0	37.0
OH3_1	1.0	13.0	62.0	151.0	326.0	757.0	1387.0	2524.0	4673.0	9963.0	20506.0	42713.0	80068.0	143525.0	228951.0	348295.0	478189.0	640162.0	808588.0	1076542.0	1514775.0	3046805.0	27881378.0	4483242.0
	11.0	12.0	13.0	14.0	15.0	16.0	17.0	18.0	19.0	20.0	21.0	22.0	23.0	24.0	25.0	26.0	27.0	28.0	29.0	30.0	31.0	32.0	33.0	34.0	35.0	36.0	37.0
OH3_2	289.0	7384.0	36365.0	46987.0	37253.0	27344.0	22887.0	21981.0	26426.0	38758.0	64321.0	88887.0	103682.0	110399.0	127933.0	154214.0	200031.0	259541.0	344437.0	450429.0	601443.0	792410.0	1144404.0	1879648.0	5161020.0	26899196.0	2165927.0
	14.0	15.0	16.0	17.0	18.0	19.0	20.0	21.0	22.0	23.0	24.0	25.0	26.0	27.0	28.0	29.0	30.0	31.0	32.0	33.0	34.0	35.0	36.0	37.0
OH4_1	2.0	7.0	42.0	111.0	352.0	863.0	1580.0	2471.0	4266.0	8303.0	17188.0	35021.0	62987.0	110059.0	172919.0	258699.0	353351.0	473363.0	600637.0	803366.0	1142556.0	2278550.0	20497665.0	3302233.0
	11.0	12.0	13.0	14.0	15.0	16.0	17.0	18.0	19.0	20.0	21.0	22.0	23.0	24.0	25.0	26.0	27.0	28.0	29.0	30.0	31.0	32.0	33.0	34.0	35.0	36.0	37.0
OH4_2	99.0	3941.0	16166.0	18113.0	12773.0	8800.0	7148.0	7037.0	8858.0	14041.0	23986.0	36433.0	49542.0	62325.0	81957.0	105811.0	142227.0	186515.0	250498.0	331167.0	450550.0	599394.0	866108.0	1438958.0	3976569.0	19927436.0	1500139.0
	15.0	16.0	17.0	18.0	19.0	20.0	21.0	22.0	23.0	24.0	25.0	26.0	27.0	28.0	29.0	30.0	31.0	32.0	33.0	34.0	35.0	36.0	37.0
OH5_1	10.0	40.0	160.0	438.0	1176.0	1992.0	2877.0	4703.0	8986.0	18011.0	36954.0	70112.0	126068.0	200965.0	302160.0	415297.0	553577.0	694486.0	917555.0	1291623.0	2511889.0	23648493.0	4415814.0
	11.0	12.0	13.0	14.0	15.0	16.0	17.0	18.0	19.0	20.0	21.0	22.0	23.0	24.0	25.0	26.0	27.0	28.0	29.0	30.0	31.0	32.0	33.0	34.0	35.0	36.0	37.0
OH5_2	211.0	4780.0	20628.0	24947.0	18945.0	13669.0	11419.0	11213.0	13944.0	21848.0	37348.0	54958.0	67877.0	78257.0	96373.0	120611.0	160294.0	211372.0	283247.0	374253.0	502450.0	666943.0	950415.0	1531213.0	4028627.0	23719745.0	2197799.0
	14.0	15.0	16.0	17.0	18.0	19.0	20.0	21.0	22.0	23.0	24.0	25.0	26.0	27.0	28.0	29.0	30.0	31.0	32.0	33.0	34.0	35.0	36.0	37.0
ON1_1	1.0	6.0	30.0	118.0	322.0	898.0	1565.0	2461.0	4356.0	8578.0	18143.0	37530.0	70297.0	123340.0	192768.0	284854.0	387026.0	513369.0	646036.0	860099.0	1219320.0	2445092.0	22151980.0	3501702.0
	11.0	12.0	13.0	14.0	15.0	16.0	17.0	18.0	19.0	20.0	21.0	22.0	23.0	24.0	25.0	26.0	27.0	28.0	29.0	30.0	31.0	32.0	33.0	34.0	35.0	36.0	37.0
ON1_2	121.0	3624.0	15418.0	17778.0	12982.0	8530.0	7020.0	6908.0	8813.0	13847.0	23604.0	35691.0	48447.0	61380.0	80815.0	106146.0	143255.0	190994.0	256797.0	340045.0	463913.0	624103.0	888341.0	1454967.0	3918891.0	21816834.0	1920627.0
	15.0	16.0	17.0	18.0	19.0	20.0	21.0	22.0	23.0	24.0	25.0	26.0	27.0	28.0	29.0	30.0	31.0	32.0	33.0	34.0	35.0	36.0	37.0
ON2_1	5.0	34.0	92.0	323.0	795.0	1412.0	2154.0	3540.0	6466.0	12752.0	25578.0	49963.0	91256.0	151412.0	234824.0	329508.0	449269.0	571733.0	764978.0	1077861.0	2080801.0	19625281.0	3781617.0
	11.0	12.0	13.0	14.0	15.0	16.0	17.0	18.0	19.0	20.0	21.0	22.0	23.0	24.0	25.0	26.0	27.0	28.0	29.0	30.0	31.0	32.0	33.0	34.0	35.0	36.0	37.0
ON2_2	220.0	4927.0	21003.0	25176.0	18906.0	14026.0	12138.0	12209.0	15241.0	23658.0	38941.0	54036.0	63774.0	69198.0	82929.0	103385.0	138133.0	181557.0	244081.0	324194.0	438365.0	583210.0	836099.0	1364376.0	3657755.0	19390343.0	1543774.0
	15.0	16.0	17.0	18.0	19.0	20.0	21.0	22.0	23.0	24.0	25.0	26.0	27.0	28.0	29.0	30.0	31.0	32.0	33.0	34.0	35.0	36.0	37.0
ON3_1	7.0	32.0	116.0	383.0	1053.0	2029.0	3084.0	4914.0	8896.0	16948.0	34200.0	63542.0	113696.0	183487.0	277983.0	385187.0	520856.0	662427.0	886735.0	1263576.0	2513952.0	22572686.0	3555355.0
	11.0	12.0	13.0	14.0	15.0	16.0	17.0	18.0	19.0	20.0	21.0	22.0	23.0	24.0	25.0	26.0	27.0	28.0	29.0	30.0	31.0	32.0	33.0	34.0	35.0	36.0	37.0
ON3_2	283.0	10109.0	36392.0	37293.0	25373.0	16556.0	13066.0	12571.0	16082.0	24468.0	41223.0	58791.0	69954.0	76911.0	92675.0	116211.0	154192.0	201619.0	271925.0	364113.0	497502.0	656063.0	960289.0	1584449.0	4356620.0	21695568.0	1680846.0
	15.0	16.0	17.0	18.0	19.0	20.0	21.0	22.0	23.0	24.0	25.0	26.0	27.0	28.0	29.0	30.0	31.0	32.0	33.0	34.0	35.0	36.0	37.0
ON4_1	16.0	54.0	140.0	379.0	807.0	1821.0	3462.0	6795.0	14121.0	29811.0	61007.0	111375.0	192641.0	295866.0	433580.0	585534.0	766617.0	957279.0	1261642.0	1775423.0	3525832.0	34865467.0	5972615.0
	9.0	10.0	11.0	12.0	13.0	14.0	15.0	16.0	17.0	18.0	19.0	20.0	21.0	22.0	23.0	24.0	25.0	26.0	27.0	28.0	29.0	30.0	31.0	32.0	33.0	34.0	35.0	36.0	37.0
ON4_2	2.0	1.0	258.0	6905.0	24499.0	26005.0	19016.0	12933.0	11325.0	11737.0	15692.0	24857.0	41865.0	62928.0	85209.0	107149.0	139539.0	177413.0	237556.0	308718.0	408957.0	530354.0	704220.0	928501.0	1335221.0	2211752.0	6271968.0	34192620.0	2965084.0
	15.0	16.0	17.0	18.0	19.0	20.0	21.0	22.0	23.0	24.0	25.0	26.0	27.0	28.0	29.0	30.0	31.0	32.0	33.0	34.0	35.0	36.0	37.0
ON5_1	8.0	50.0	128.0	288.0	577.0	1140.0	2197.0	4220.0	8366.0	17421.0	36369.0	68474.0	123190.0	200565.0	310463.0	436455.0	594922.0	770957.0	1036324.0	1466552.0	2969373.0	28546984.0	4664981.0
	7.0	8.0	9.0	10.0	11.0	12.0	13.0	14.0	15.0	16.0	17.0	18.0	19.0	20.0	21.0	22.0	23.0	24.0	25.0	26.0	27.0	28.0	29.0	30.0	31.0	32.0	33.0	34.0	35.0	36.0	37.0
ON5_2	1.0	0.0	2.0	0.0	273.0	6279.0	23146.0	25435.0	18629.0	13468.0	11562.0	11909.0	15401.0	24330.0	40806.0	60540.0	79866.0	100228.0	130692.0	167646.0	225374.0	294290.0	390565.0	505593.0	667336.0	879631.0	1296384.0	2264963.0	6584379.0	25982224.0	1439052.0
	14.0	15.0	16.0	17.0	18.0	19.0	20.0	21.0	22.0	23.0	24.0	25.0	26.0	27.0	28.0	29.0	30.0	31.0	32.0	33.0	34.0	35.0	36.0	37.0
WC1_1	2.0	10.0	34.0	83.0	239.0	643.0	1412.0	2498.0	4474.0	8209.0	16272.0	33774.0	64320.0	115826.0	186785.0	283512.0	390641.0	523694.0	666388.0	889110.0	1264825.0	2527481.0	23807433.0	3847261.0
	8.0	9.0	10.0	11.0	12.0	13.0	14.0	15.0	16.0	17.0	18.0	19.0	20.0	21.0	22.0	23.0	24.0	25.0	26.0	27.0	28.0	29.0	30.0	31.0	32.0	33.0	34.0	35.0	36.0	37.0
WC1_2	1.0	2.0	3.0	187.0	3324.0	15619.0	20549.0	16604.0	12495.0	11128.0	11360.0	14282.0	21495.0	35951.0	51739.0	63757.0	73344.0	90553.0	114557.0	153187.0	201142.0	270176.0	355051.0	479385.0	635234.0	919230.0	1534272.0	4258725.0	23340466.0	1931108.0
	15.0	16.0	17.0	18.0	19.0	20.0	21.0	22.0	23.0	24.0	25.0	26.0	27.0	28.0	29.0	30.0	31.0	32.0	33.0	34.0	35.0	36.0	37.0
WC2_1	8.0	39.0	56.0	148.0	358.0	776.0	1544.0	2801.0	5219.0	10543.0	22243.0	41936.0	75253.0	121946.0	185329.0	257129.0	344068.0	436335.0	582822.0	813660.0	1622310.0	15553816.0	2539809.0
	9.0	10.0	11.0	12.0	13.0	14.0	15.0	16.0	17.0	18.0	19.0	20.0	21.0	22.0	23.0	24.0	25.0	26.0	27.0	28.0	29.0	30.0	31.0	32.0	33.0	34.0	35.0	36.0	37.0
WC2_2	1.0	0.0	157.0	4019.0	15921.0	18062.0	13149.0	9377.0	7939.0	7870.0	9744.0	15062.0	25034.0	35084.0	43306.0	49188.0	60641.0	76172.0	101666.0	132869.0	180128.0	235844.0	318212.0	422674.0	612469.0	1025147.0	2888569.0	15098191.0	1211653.0
	14.0	15.0	16.0	17.0	18.0	19.0	20.0	21.0	22.0	23.0	24.0	25.0	26.0	27.0	28.0	29.0	30.0	31.0	32.0	33.0	34.0	35.0	36.0	37.0
WC3_1	1.0	17.0	44.0	105.0	253.0	578.0	1219.0	2220.0	4112.0	7912.0	15723.0	31972.0	59264.0	106481.0	173795.0	267251.0	374929.0	508474.0	653096.0	875992.0	1253696.0	2608027.0	24326920.0	3605348.0
	9.0	10.0	11.0	12.0	13.0	14.0	15.0	16.0	17.0	18.0	19.0	20.0	21.0	22.0	23.0	24.0	25.0	26.0	27.0	28.0	29.0	30.0	31.0	32.0	33.0	34.0	35.0	36.0	37.0
WC3_2	2.0	1.0	153.0	3284.0	14808.0	19044.0	15649.0	12053.0	10962.0	11014.0	13610.0	20615.0	33789.0	48282.0	57960.0	63756.0	76215.0	94609.0	126910.0	169257.0	233311.0	314708.0	435188.0	595364.0	881769.0	1484417.0	4117479.0	23917347.0	2105873.0
	14.0	15.0	16.0	17.0	18.0	19.0	20.0	21.0	22.0	23.0	24.0	25.0	26.0	27.0	28.0	29.0	30.0	31.0	32.0	33.0	34.0	35.0	36.0	37.0
WC4_1	1.0	21.0	53.0	137.0	267.0	519.0	952.0	1904.0	3526.0	7044.0	14369.0	29619.0	58112.0	109721.0	184609.0	289974.0	415286.0	569954.0	733615.0	990861.0	1418773.0	2907216.0	27329920.0	4321446.0
	10.0	11.0	12.0	13.0	14.0	15.0	16.0	17.0	18.0	19.0	20.0	21.0	22.0	23.0	24.0	25.0	26.0	27.0	28.0	29.0	30.0	31.0	32.0	33.0	34.0	35.0	36.0	37.0
WC4_2	1.0	197.0	4184.0	17939.0	23062.0	18889.0	15088.0	14158.0	14692.0	18970.0	29031.0	46680.0	63663.0	75041.0	83639.0	101399.0	126768.0	171131.0	228298.0	309607.0	412738.0	561243.0	753119.0	1114963.0	1924933.0	5442328.0	25871124.0	1945014.0
	14.0	15.0	16.0	17.0	18.0	19.0	20.0	21.0	22.0	23.0	24.0	25.0	26.0	27.0	28.0	29.0	30.0	31.0	32.0	33.0	34.0	35.0	36.0	37.0
WC5_1	4.0	10.0	61.0	163.0	392.0	902.0	1705.0	3223.0	6244.0	12611.0	25944.0	53618.0	100960.0	180590.0	289548.0	435760.0	603341.0	807755.0	1019579.0	1357403.0	1909920.0	3776075.0	36616479.0	6381971.0
	10.0	11.0	12.0	13.0	14.0	15.0	16.0	17.0	18.0	19.0	20.0	21.0	22.0	23.0	24.0	25.0	26.0	27.0	28.0	29.0	30.0	31.0	32.0	33.0	34.0	35.0	36.0	37.0
WC5_2	1.0	346.0	6730.0	30540.0	38574.0	30526.0	22310.0	19667.0	19828.0	25158.0	38831.0	64663.0	91594.0	114489.0	132953.0	165249.0	206935.0	274066.0	353804.0	466782.0	606891.0	802854.0	1053325.0	1517714.0	2544143.0	7055185.0	35114492.0	2786608.0
	14.0	15.0	16.0	17.0	18.0	19.0	20.0	21.0	22.0	23.0	24.0	25.0	26.0	27.0	28.0	29.0	30.0	31.0	32.0	33.0	34.0	35.0	36.0	37.0
WH1_1	1.0	8.0	41.0	83.0	218.0	442.0	896.0	1787.0	3348.0	6997.0	14520.0	30209.0	56643.0	99931.0	156785.0	235979.0	323442.0	432566.0	545403.0	733054.0	1064295.0	2083824.0	19812922.0	3354730.0
	10.0	11.0	12.0	13.0	14.0	15.0	16.0	17.0	18.0	19.0	20.0	21.0	22.0	23.0	24.0	25.0	26.0	27.0	28.0	29.0	30.0	31.0	32.0	33.0	34.0	35.0	36.0	37.0
WH1_2	1.0	104.0	3093.0	12115.0	13854.0	10133.0	7444.0	6652.0	7012.0	9260.0	14764.0	25727.0	38162.0	50223.0	63410.0	82666.0	105007.0	140601.0	184556.0	247135.0	323789.0	444008.0	605448.0	847384.0	1413644.0	3910208.0	18936152.0	1455572.0
	15.0	16.0	17.0	18.0	19.0	20.0	21.0	22.0	23.0	24.0	25.0	26.0	27.0	28.0	29.0	30.0	31.0	32.0	33.0	34.0	35.0	36.0	37.0
WH2_1	17.0	29.0	115.0	250.0	562.0	1179.0	2334.0	4490.0	9629.0	20222.0	42824.0	80307.0	141350.0	221276.0	328644.0	448026.0	594413.0	743940.0	983690.0	1389294.0	2808733.0	26558434.0	4309846.0
	10.0	11.0	12.0	13.0	14.0	15.0	16.0	17.0	18.0	19.0	20.0	21.0	22.0	23.0	24.0	25.0	26.0	27.0	28.0	29.0	30.0	31.0	32.0	33.0	34.0	35.0	36.0	37.0
WH2_2	1.0	268.0	6367.0	22469.0	24098.0	17520.0	12552.0	10929.0	11384.0	15472.0	24412.0	40272.0	58213.0	76202.0	94314.0	120769.0	153271.0	203062.0	259025.0	341380.0	439534.0	582510.0	760058.0	1095761.0	1842839.0	5156825.0	25216504.0	2103593.0
	14.0	15.0	16.0	17.0	18.0	19.0	20.0	21.0	22.0	23.0	24.0	25.0	26.0	27.0	28.0	29.0	30.0	31.0	32.0	33.0	34.0	35.0	36.0	37.0
WH3_1	1.0	21.0	35.0	90.0	228.0	403.0	865.0	1679.0	3286.0	6700.0	13886.0	28891.0	54004.0	95358.0	152166.0	227137.0	313182.0	417307.0	531396.0	728746.0	1062370.0	2092696.0	18980787.0	2914323.0
	11.0	12.0	13.0	14.0	15.0	16.0	17.0	18.0	19.0	20.0	21.0	22.0	23.0	24.0	25.0	26.0	27.0	28.0	29.0	30.0	31.0	32.0	33.0	34.0	35.0	36.0	37.0
WH3_2	85.0	2772.0	11083.0	12727.0	9512.0	6768.0	5942.0	6132.0	8366.0	13052.0	21806.0	32019.0	42669.0	52261.0	67654.0	86914.0	117344.0	154057.0	208280.0	277546.0	377681.0	513047.0	745591.0	1243316.0	3385299.0	18539236.0	1684398.0
	14.0	15.0	16.0	17.0	18.0	19.0	20.0	21.0	22.0	23.0	24.0	25.0	26.0	27.0	28.0	29.0	30.0	31.0	32.0	33.0	34.0	35.0	36.0	37.0
WH4_1	1.0	4.0	31.0	91.0	212.0	566.0	1298.0	2397.0	4083.0	7392.0	14431.0	29485.0	55818.0	100305.0	160677.0	244435.0	335175.0	448985.0	568697.0	761338.0	1075307.0	2146502.0	20498871.0	3363770.0
	10.0	11.0	12.0	13.0	14.0	15.0	16.0	17.0	18.0	19.0	20.0	21.0	22.0	23.0	24.0	25.0	26.0	27.0	28.0	29.0	30.0	31.0	32.0	33.0	34.0	35.0	36.0	37.0
WH4_2	1.0	201.0	4038.0	15867.0	18183.0	13704.0	10202.0	8892.0	9321.0	11919.0	19212.0	32123.0	46511.0	58418.0	68521.0	84945.0	107626.0	143209.0	186744.0	248651.0	325603.0	432166.0	572155.0	816229.0	1354012.0	3745989.0	19847584.0	1637845.0
	14.0	15.0	16.0	17.0	18.0	19.0	20.0	21.0	22.0	23.0	24.0	25.0	26.0	27.0	28.0	29.0	30.0	31.0	32.0	33.0	34.0	35.0	36.0	37.0
WH5_1	3.0	13.0	39.0	124.0	283.0	799.0	1889.0	3188.0	5683.0	10777.0	21188.0	42647.0	78678.0	139850.0	222357.0	335413.0	464030.0	622643.0	791672.0	1070785.0	1520256.0	3073626.0	28878641.0	4446135.0
	9.0	10.0	11.0	12.0	13.0	14.0	15.0	16.0	17.0	18.0	19.0	20.0	21.0	22.0	23.0	24.0	25.0	26.0	27.0	28.0	29.0	30.0	31.0	32.0	33.0	34.0	35.0	36.0	37.0
WH5_2	3.0	0.0	232.0	5545.0	18955.0	19316.0	13506.0	9879.0	8731.0	9307.0	12097.0	19742.0	33887.0	50712.0	66931.0	82957.0	108408.0	140878.0	190523.0	251288.0	337519.0	445121.0	599128.0	806022.0	1161702.0	1951821.0	5545771.0	27738357.0	2102381.0
	15.0	16.0	17.0	18.0	19.0	20.0	21.0	22.0	23.0	24.0	25.0	26.0	27.0	28.0	29.0	30.0	31.0	32.0	33.0	34.0	35.0	36.0	37.0
WN1_1	4.0	47.0	100.0	298.0	778.0	1624.0	3131.0	5756.0	11753.0	24066.0	49647.0	91488.0	159494.0	250094.0	374075.0	510849.0	679439.0	860650.0	1148836.0	1610276.0	3179710.0	30783935.0	5313576.0
	9.0	10.0	11.0	12.0	13.0	14.0	15.0	16.0	17.0	18.0	19.0	20.0	21.0	22.0	23.0	24.0	25.0	26.0	27.0	28.0	29.0	30.0	31.0	32.0	33.0	34.0	35.0	36.0	37.0
WN1_2	1.0	0.0	235.0	6032.0	24285.0	28084.0	21166.0	14700.0	12370.0	12730.0	17083.0	26832.0	44682.0	66604.0	92792.0	119189.0	155825.0	199633.0	262056.0	335284.0	434600.0	552187.0	722063.0	936939.0	1348677.0	2300981.0	6657640.0	28702418.0	1964538.0
	15.0	16.0	17.0	18.0	19.0	20.0	21.0	22.0	23.0	24.0	25.0	26.0	27.0	28.0	29.0	30.0	31.0	32.0	33.0	34.0	35.0	36.0	37.0
WN2_1	8.0	33.0	108.0	244.0	496.0	923.0	2004.0	4291.0	9512.0	20411.0	42234.0	77005.0	131859.0	204032.0	299689.0	405605.0	536322.0	683678.0	909526.0	1268349.0	2543034.0	24136026.0	3874621.0
	8.0	9.0	10.0	11.0	12.0	13.0	14.0	15.0	16.0	17.0	18.0	19.0	20.0	21.0	22.0	23.0	24.0	25.0	26.0	27.0	28.0	29.0	30.0	31.0	32.0	33.0	34.0	35.0	36.0	37.0
WN2_2	1.0	0.0	0.0	118.0	3734.0	15197.0	17815.0	13389.0	9264.0	8018.0	7939.0	11053.0	17892.0	30596.0	44972.0	61241.0	78661.0	102829.0	131405.0	175437.0	225128.0	298715.0	386457.0	512903.0	678338.0	975305.0	1624404.0	4528985.0	23153110.0	2037104.0
	14.0	15.0	16.0	17.0	18.0	19.0	20.0	21.0	22.0	23.0	24.0	25.0	26.0	27.0	28.0	29.0	30.0	31.0	32.0	33.0	34.0	35.0	36.0	37.0
WN3_1	2.0	8.0	45.0	117.0	286.0	638.0	1206.0	2255.0	4199.0	8018.0	15773.0	32810.0	63709.0	119026.0	200152.0	314290.0	446837.0	612012.0	786245.0	1061036.0	1517516.0	3141884.0	29499499.0	4435360.0
	7.0	8.0	9.0	10.0	11.0	12.0	13.0	14.0	15.0	16.0	17.0	18.0	19.0	20.0	21.0	22.0	23.0	24.0	25.0	26.0	27.0	28.0	29.0	30.0	31.0	32.0	33.0	34.0	35.0	36.0	37.0
WN3_2	1.0	0.0	1.0	0.0	209.0	5113.0	19019.0	21533.0	16424.0	12469.0	11338.0	11883.0	15420.0	24065.0	39711.0	55099.0	66540.0	74083.0	90348.0	113609.0	154812.0	207716.0	286193.0	386243.0	531931.0	724044.0	1067215.0	1763816.0	4807930.0	28803949.0	2952209.0
	15.0	16.0	17.0	18.0	19.0	20.0	21.0	22.0	23.0	24.0	25.0	26.0	27.0	28.0	29.0	30.0	31.0	32.0	33.0	34.0	35.0	36.0	37.0
WN4_1	17.0	35.0	91.0	245.0	538.0	1139.0	2230.0	4313.0	9421.0	20955.0	43948.0	82888.0	145922.0	228237.0	339263.0	461640.0	612537.0	767359.0	1012067.0	1430874.0	2882019.0	27377128.0	4354639.0
	9.0	10.0	11.0	12.0	13.0	14.0	15.0	16.0	17.0	18.0	19.0	20.0	21.0	22.0	23.0	24.0	25.0	26.0	27.0	28.0	29.0	30.0	31.0	32.0	33.0	34.0	35.0	36.0	37.0
WN4_2	2.0	1.0	182.0	5132.0	19025.0	20706.0	15339.0	10490.0	8996.0	9178.0	12649.0	20278.0	34459.0	53580.0	77853.0	105497.0	141725.0	184329.0	243752.0	312451.0	407452.0	516621.0	671159.0	877885.0	1271430.0	2225374.0	6580519.0	24547501.0	1403940.0
	14.0	15.0	16.0	17.0	18.0	19.0	20.0	21.0	22.0	23.0	24.0	25.0	26.0	27.0	28.0	29.0	30.0	31.0	32.0	33.0	34.0	35.0	36.0	37.0
WN5_1	2.0	24.0	55.0	164.0	470.0	1094.0	2352.0	4205.0	7477.0	15075.0	30552.0	61517.0	112626.0	196040.0	307570.0	457732.0	624556.0	832098.0	1047331.0	1387891.0	1959814.0	3980254.0	39146276.0	6648603.0
	10.0	11.0	12.0	13.0	14.0	15.0	16.0	17.0	18.0	19.0	20.0	21.0	22.0	23.0	24.0	25.0	26.0	27.0	28.0	29.0	30.0	31.0	32.0	33.0	34.0	35.0	36.0	37.0
WN5_2	2.0	510.0	12828.0	43368.0	45127.0	32076.0	22567.0	19403.0	19688.0	25612.0	40189.0	66558.0	92153.0	111139.0	125367.0	152646.0	187966.0	247919.0	322477.0	428979.0	563623.0	759488.0	1013862.0	1478026.0	2506548.0	7116981.0	38094881.0	3293795.0

