	4	8	12	16	20	24	28	32	36	40	44	48	52	56	60	64	68	72	76	80	84	88	92	96	100	104	108	112	116	120	124	128	132	136	140	144	148	152	156	160	164	168	172	176	180	184	188	192	196	200	204	208	212	216	220	224	228	232	236	240	244	248	252	256	260	264	268	272	276	280	284	288	292	296	300	304	308	312	316	320	324	328	332	336	340	344	348	352	356	360	364	368	372	376	380	384	388	392	396	400	404	408	412	416	420	424	428	432	436	440	444	448	452	456	460	464	468	472	476	480	484	488	492	496	500
BC1	6421790	1302976	346783	133806	68293	40715	26914	19017	13936	10834	8651	6821	5592	4781	4017	3571	2977	2655	2323	2050	1804	1671	1434	1323	1193	1122	1027	915	888	778	728	653	644	605	536	536	459	445	417	396	396	364	354	320	293	316	255	303	230	226	233	206	197	172	183	181	161	180	158	148	140	128	126	126	111	116	121	108	116	112	115	96	87	93	100	89	84	95	89	64	75	56	72	81	57	66	58	55	57	56	55	44	51	60	45	48	48	60	39	44	54	40	39	39	33	36	37	41	46	38	40	28	42	31	32	29	17	43	30	24	29	24	24	21	28
	4	8	12	16	20	24	28	32	36	40	44	48	52	56	60	64	68	72	76	80	84	88	92	96	100	104	108	112	116	120	124	128	132	136	140	144	148	152	156	160	164	168	172	176	180	184	188	192	196	200	204	208	212	216	220	224	228	232	236	240	244	248	252	256	260	264	268	272	276	280	284	288	292	296	300	304	308	312	316	320	324	328	332	336	340	344	348	352	356	360	364	368	372	376	380	384	388	392	396	400	404	408	412	416	420	424	428	432	436	440	444	448	452	456	460	464	468	472	476	480	484	488	492	496	500
BC2	6533882	1266890	324482	126297	64190	38759	25715	18132	13370	10414	8058	6492	5457	4439	3817	3235	2633	2446	2077	1912	1643	1574	1325	1198	1107	1045	917	849	802	792	691	627	550	526	467	502	461	406	401	383	352	328	283	296	274	276	244	273	225	245	222	182	188	163	183	175	160	173	169	148	126	120	141	120	115	112	104	96	100	98	90	108	94	78	69	72	99	95	73	74	73	68	58	65	58	49	61	52	56	47	42	44	46	55	41	42	46	51	38	34	38	34	46	34	35	38	32	37	33	46	46	36	31	32	32	19	35	23	33	28	29	25	27	23	23
	4	8	12	16	20	24	28	32	36	40	44	48	52	56	60	64	68	72	76	80	84	88	92	96	100	104	108	112	116	120	124	128	132	136	140	144	148	152	156	160	164	168	172	176	180	184	188	192	196	200	204	208	212	216	220	224	228	232	236	240	244	248	252	256	260	264	268	272	276	280	284	288	292	296	300	304	308	312	316	320	324	328	332	336	340	344	348	352	356	360	364	368	372	376	380	384	388	392	396	400	404	408	412	416	420	424	428	432	436	440	444	448	452	456	460	464	468	472	476	480	484	488	492	496	500
BC3	10010547	955724	229445	94269	49545	30319	20600	14331	10553	8252	6492	5030	4229	3457	3023	2504	2163	1932	1642	1432	1282	1164	1018	948	858	755	693	645	618	584	543	466	450	419	400	345	314	298	288	272	277	239	215	220	214	213	177	159	183	188	144	174	142	136	112	122	148	114	116	107	95	90	108	90	74	85	87	96	88	64	57	80	68	76	65	58	46	49	60	49	47	39	50	54	36	56	48	49	40	41	45	39	44	38	26	39	36	45	47	33	44	36	24	25	32	26	33	26	23	21	29	19	26	18	14	26	23	19	25	23	20	13	21	16	14
	4	8	12	16	20	24	28	32	36	40	44	48	52	56	60	64	68	72	76	80	84	88	92	96	100	104	108	112	116	120	124	128	132	136	140	144	148	152	156	160	164	168	172	176	180	184	188	192	196	200	204	208	212	216	220	224	228	232	236	240	244	248	252	256	260	264	268	272	276	280	284	288	292	296	300	304	308	312	316	320	324	328	332	336	340	344	348	352	356	360	364	368	372	376	380	384	388	392	396	400	404	408	412	416	420	424	428	432	436	440	444	448	452	456	460	464	468	472	476	480	484	489	493	497
BC4	6990690	877933	207162	81302	42206	25604	17295	12130	9178	7073	5636	4390	3640	2992	2575	2123	1916	1724	1362	1297	1165	1009	917	862	729	677	596	556	574	490	439	398	379	358	284	352	290	300	271	257	259	201	197	178	198	181	160	184	168	150	130	140	104	122	124	114	105	102	105	89	89	103	92	74	72	57	73	72	54	86	68	64	61	63	54	71	53	45	40	39	53	41	41	40	64	38	29	37	41	39	40	30	42	26	34	29	15	25	25	32	25	32	30	31	24	28	22	28	20	24	19	12	15	22	20	15	15	15	18	13	19	17	27	21
	4	8	12	16	20	24	28	32	36	40	44	48	52	56	60	64	68	72	76	80	84	88	92	96	100	104	108	112	116	120	124	128	132	136	140	144	148	152	156	160	164	168	172	176	180	184	188	192	196	200	204	208	212	216	220	224	228	232	236	240	244	248	252	256	260	264	268	272	276	280	284	288	292	296	300	304	308	312	316	320	324	328	332	336	340	344	348	352	356	360	364	368	372	376	380	384	388	392	396	400	404	408	412	416	420	424	428	432	436	440	444	448	452	456	460	464	468	472	476	480	484	488	492	496	500
BC5	1905375	658953	270549	103593	46571	25129	15306	10561	7492	5657	4335	3564	2906	2298	1976	1684	1449	1259	1068	967	857	734	646	604	565	514	471	455	415	349	329	287	274	284	230	227	229	195	193	160	185	144	150	122	125	137	141	122	121	103	92	92	75	73	83	68	70	71	68	73	60	56	42	63	52	51	54	52	56	46	55	35	46	40	49	32	31	49	37	38	39	28	38	21	39	36	41	33	20	20	26	29	18	26	21	24	18	22	20	19	22	19	22	11	16	23	13	12	15	16	17	13	17	16	16	15	20	20	17	13	13	17	17	14	12
	4	8	12	16	20	24	28	32	36	40	44	48	52	56	60	64	68	72	76	80	84	88	92	96	100	104	108	112	116	120	124	128	132	136	140	144	148	152	156	160	164	168	172	176	180	184	188	192	196	200	204	208	212	216	220	224	228	232	236	240	244	248	252	256	260	264	268	272	276	280	284	288	292	296	300	304	308	312	316	320	324	328	332	336	340	344	348	352	356	360	364	368	372	376	380	384	388	392	396	400	404	408	412	416	420	424	428	432	436	440	444	448	452	456	460	464	468	472	476	480	484	488	492	496	500
BH1	7067802	731481	175885	73287	39908	24635	16780	12080	9055	7067	5563	4709	3875	3230	2815	2406	2034	1777	1505	1372	1231	1097	945	926	808	752	682	660	579	543	511	444	440	373	351	349	310	318	279	292	252	243	219	257	219	208	216	187	162	180	144	121	141	127	137	134	117	113	105	102	96	91	112	91	78	77	73	80	74	79	70	66	57	63	60	53	55	52	70	56	57	54	57	51	64	41	30	39	52	44	46	44	30	33	37	43	42	26	26	28	28	41	29	25	29	22	20	29	27	30	29	22	25	24	22	29	26	14	20	15	20	25	21	21	15
	4	8	12	16	20	24	28	32	36	40	44	48	52	56	60	64	68	72	76	80	84	88	92	96	100	104	108	112	116	120	124	128	132	136	140	144	148	152	156	160	164	168	172	176	180	184	188	192	196	200	204	208	212	216	220	224	228	232	236	240	244	248	252	256	260	264	268	272	276	280	284	288	292	296	300	304	308	312	316	320	324	328	332	336	340	344	348	352	356	360	364	368	372	376	380	384	388	392	396	400	404	408	412	416	420	424	428	432	436	440	444	448	452	456	460	464	468	472	476	480	484	488	492	496	500
BH2	8122956	815633	194229	80539	43336	27507	18567	13700	10249	8155	6544	5369	4519	3694	3193	2775	2437	2140	1886	1688	1574	1391	1267	1164	1056	962	937	831	755	719	599	586	596	524	558	473	465	453	412	394	363	358	330	330	298	273	252	256	260	235	205	209	235	198	212	184	178	172	159	171	139	141	130	123	113	109	118	131	130	126	106	102	124	93	97	102	73	92	94	83	74	67	81	73	67	77	83	61	72	61	61	53	55	56	38	76	65	47	48	53	44	61	46	38	38	54	45	33	31	50	46	39	47	44	46	33	37	32	28	38	25	30	36	28	20
	4	8	12	16	20	24	28	32	36	40	44	48	52	56	60	64	68	72	76	80	84	88	92	96	100	104	108	112	116	120	124	128	132	136	140	144	148	152	156	160	164	168	172	176	180	184	188	192	196	200	204	208	212	216	220	224	228	232	236	240	244	248	252	256	260	264	268	272	276	280	284	288	292	296	300	304	308	312	316	320	324	328	332	336	340	344	348	352	356	360	364	368	372	376	380	384	388	392	396	400	404	408	412	416	420	424	428	432	436	440	444	448	452	456	460	464	468	472	476	480	484	488	492	496	500
BH3	9694857	927559	242495	106914	59888	38472	26698	19694	15009	11706	9358	7740	6548	5555	4828	4110	3521	3139	2705	2488	2201	2021	1832	1572	1516	1350	1221	1213	1047	1019	939	892	836	754	714	667	616	565	554	497	478	451	416	404	359	385	369	338	308	326	284	269	306	226	235	219	223	219	193	194	208	194	165	183	155	150	153	136	130	140	129	148	116	133	103	107	110	110	94	90	87	99	95	66	89	88	88	83	74	73	87	69	58	75	62	65	61	71	58	51	66	64	58	52	58	39	38	54	52	33	50	46	51	46	42	35	43	40	37	41	34	32	40	36	37
	4	8	12	16	20	24	28	32	36	40	44	48	52	56	60	64	68	72	76	80	84	88	92	96	100	104	108	112	116	120	124	128	132	136	140	144	148	152	156	160	164	168	172	176	180	184	188	192	196	200	204	208	212	216	220	224	228	232	236	240	244	248	252	256	260	264	268	272	276	280	284	288	292	296	300	304	308	312	316	320	324	328	332	336	340	344	348	352	356	360	364	368	372	376	380	384	388	392	396	400	404	408	412	416	420	424	428	432	436	440	444	448	452	456	460	464	468	472	476	480	484	488	492	496	500
BH4	7450234	1308600	332226	128983	66852	40461	26589	18989	14031	10678	8342	6825	5586	4681	3903	3308	2960	2628	2151	1982	1752	1527	1443	1275	1186	1078	940	919	764	787	699	666	620	545	540	523	470	422	411	406	350	356	329	304	264	273	295	256	237	201	238	203	206	196	191	190	156	166	168	156	133	135	128	137	143	115	116	92	98	96	114	103	74	93	103	77	77	92	76	74	73	68	75	65	73	50	60	50	68	52	51	53	54	45	58	54	55	58	34	43	37	39	34	41	29	33	35	33	29	33	40	38	35	32	28	30	33	21	25	33	30	27	24	20	27
	4	8	12	16	20	24	28	32	36	40	44	48	52	56	60	64	68	72	76	80	84	88	92	96	100	104	108	112	116	120	124	128	132	136	140	144	148	152	156	160	164	168	172	176	180	184	188	192	196	200	204	208	212	216	220	224	228	232	236	240	244	248	252	256	260	264	268	272	276	280	284	288	292	296	300	304	308	312	316	320	324	328	332	336	340	344	348	352	356	360	364	368	372	376	380	384	388	392	396	400	404	408	412	416	420	424	428	432	436	440	444	448	452	456	460	464	468	472	476	480	484	488	492	496	500
BH5	7287653	930336	224675	89668	47552	29143	19896	14235	10668	8376	6588	5238	4415	3800	3232	2691	2373	2067	1777	1667	1472	1325	1239	1100	1030	879	784	728	733	665	607	536	523	483	469	438	401	359	356	350	309	312	287	271	271	255	247	224	240	184	198	173	202	154	150	163	129	143	137	125	137	122	135	111	100	86	93	98	103	89	99	96	65	100	94	79	70	82	68	81	87	65	61	66	53	64	45	48	47	50	50	48	39	45	43	38	47	36	49	55	50	37	45	41	33	29	44	32	33	39	36	29	30	25	38	21	35	27	27	21	35	33	29	27	26
	4	8	12	16	20	24	28	32	36	40	44	48	52	56	60	64	68	72	76	80	84	88	92	96	100	104	108	112	116	120	124	128	132	136	140	144	148	152	156	160	164	168	172	176	180	184	188	192	196	200	204	208	212	216	220	224	228	232	236	240	244	248	252	256	260	264	268	272	276	280	284	288	292	296	300	304	308	312	316	320	324	328	332	336	340	344	348	352	356	360	364	368	372	376	380	384	388	392	396	400	404	408	412	416	420	424	428	432	436	440	444	448	452	456	460	464	468	472	476	480	484	488	492	496	500
BN1	10582074	1263366	327862	138107	74280	46104	31122	22163	16919	13061	10322	8422	7079	5982	5034	4342	3839	3249	2910	2468	2246	2009	1824	1687	1573	1385	1394	1210	1118	1028	992	878	840	721	738	659	653	562	566	561	540	523	454	425	401	381	373	376	352	355	342	320	268	305	317	277	224	228	223	216	231	193	187	185	177	161	182	176	143	157	140	142	118	141	129	120	134	139	123	101	100	102	106	94	116	112	90	82	83	66	80	78	82	73	68	73	53	63	67	64	65	65	62	52	60	59	64	48	61	47	53	51	52	46	53	52	48	45	42	47	38	46	39	38	38
	4	8	12	16	20	24	28	32	36	40	44	48	52	56	60	64	68	72	76	80	84	88	92	96	100	104	108	112	116	120	124	128	132	136	140	144	148	152	156	160	164	168	172	176	180	184	188	192	196	200	204	208	212	216	220	224	228	232	236	240	244	248	252	256	260	264	268	272	276	280	284	288	292	296	300	304	308	312	316	320	324	328	332	336	340	344	348	352	356	360	364	368	372	376	380	384	388	392	396	400	404	408	412	416	420	424	428	432	436	440	444	448	452	456	460	464	468	472	476	480	484	488	492	496	500
BN2	9856059	1100676	274900	113722	61970	38166	25887	18631	14066	10891	8816	7207	5847	5056	4241	3641	3085	2828	2501	2193	2051	1809	1575	1541	1378	1250	1107	1077	975	932	848	778	769	702	611	595	577	561	542	493	415	451	392	388	423	345	368	344	340	311	289	255	279	252	278	232	209	212	211	179	174	171	183	187	156	173	166	171	159	149	143	142	105	143	133	107	125	108	122	112	110	115	87	80	99	84	93	96	72	91	69	73	91	86	58	80	77	81	52	67	68	58	72	57	53	59	57	50	48	57	46	55	49	41	44	36	41	45	40	35	39	45	45	32	38
	4	8	12	16	20	24	28	32	36	40	44	48	52	56	60	64	68	72	76	80	84	88	92	96	100	104	108	112	116	120	124	128	132	136	140	144	148	152	156	160	164	168	172	176	180	184	188	192	196	200	204	208	212	216	220	224	228	232	236	240	244	248	252	256	260	264	268	272	276	280	284	288	292	296	300	304	308	312	316	320	324	328	332	336	340	344	348	352	356	360	364	368	372	376	380	384	388	392	396	400	404	408	412	416	420	424	428	432	436	440	444	448	452	456	460	464	468	472	476	480	484	488	492	496	500
BN3	2963950	1046037	413758	163799	78740	45426	29116	20279	14933	11347	9106	7354	5891	5165	4233	3700	3279	2880	2595	2219	2137	1850	1646	1559	1420	1334	1227	1062	1021	940	930	852	833	715	666	624	561	559	531	500	508	475	419	409	354	400	352	336	329	305	305	287	266	252	255	230	251	212	224	234	223	206	184	196	184	158	175	177	136	146	163	156	161	138	134	155	119	119	123	112	104	101	103	102	106	83	77	79	81	78	92	74	91	77	85	87	73	66	63	76	71	62	77	72	53	55	60	59	59	48	70	64	54	62	47	55	39	47	54	42	58	41	44	32	35
	4	8	12	16	20	24	28	32	36	40	44	48	52	56	60	64	68	72	76	80	84	88	92	96	100	104	108	112	116	120	124	128	132	136	140	144	148	152	156	160	164	168	172	176	180	184	188	192	196	200	204	208	212	216	220	224	228	232	236	240	244	248	252	256	260	264	268	272	276	280	284	288	292	296	300	304	308	312	316	320	324	328	332	336	340	344	348	352	356	360	364	368	372	376	380	384	388	392	396	400	404	408	412	416	420	424	428	432	436	440	444	448	452	456	460	464	468	472	476	480	484	488	492	496	500
BN5	8452384	1168993	288566	114769	59997	36046	24216	17330	12789	9956	7794	6413	5273	4382	3739	3305	2794	2363	2155	1903	1721	1530	1405	1282	1192	1004	922	856	783	713	752	641	575	578	534	495	461	465	424	426	375	344	317	328	293	310	250	258	246	246	233	232	217	171	173	194	158	168	130	152	158	136	126	125	148	141	110	118	115	107	97	109	87	98	81	84	77	86	93	70	75	68	61	65	69	66	57	70	71	50	78	55	52	51	47	45	55	45	28	42	40	42	38	46	45	38	33	37	36	38	32	36	38	30	38	32	35	35	28	27	34	30	27	26	21
	4	8	12	16	20	24	28	32	36	40	44	48	52	56	60	64	68	72	76	80	84	88	92	96	100	104	108	112	116	120	124	128	132	136	140	144	148	152	156	160	164	168	172	176	180	184	188	192	196	200	204	208	212	216	220	224	228	232	236	240	244	248	252	256	260	264	268	272	276	280	284	288	292	296	300	304	308	312	316	320	324	328	332	336	340	344	348	352	356	360	364	368	372	376	380	384	388	392	396	400	404	408	412	416	420	424	428	432	436	440	444	448	452	456	460	464	468	472	476	480	484	488	492	496	500
MC1	6791583	795922	188408	75460	39940	24219	16251	11585	8665	6708	5301	4289	3524	2951	2550	2164	1885	1642	1520	1298	1150	1046	974	829	757	724	598	638	550	553	467	421	419	377	357	356	299	333	269	262	257	227	240	233	202	208	179	199	175	165	123	139	156	157	157	111	111	88	124	101	94	90	96	69	79	77	65	80	77	79	79	72	58	55	61	60	55	57	58	61	53	43	43	45	39	47	43	34	39	43	40	37	26	32	36	38	37	33	25	27	17	36	38	14	15	23	25	19	22	24	23	22	23	24	24	22	20	13	18	18	21	17	17	22	14
	4	8	12	16	20	24	28	32	36	40	44	48	52	56	60	64	68	72	76	80	84	88	92	96	100	104	108	112	116	120	124	128	132	136	140	144	148	152	156	160	164	168	172	176	180	184	188	192	196	200	204	208	212	216	220	224	228	232	236	240	244	248	252	256	260	264	268	272	276	280	284	288	292	296	300	304	308	312	316	320	324	328	332	336	340	344	348	352	356	360	364	368	372	376	380	384	388	392	396	400	404	408	412	416	420	424	428	432	436	440	444	448	452	456	460	464	468	472	476	480	484	488	492	496	500
MC2	6734665	871973	210068	82720	43016	25866	17566	12519	9298	6990	5555	4585	3710	3242	2619	2307	2019	1747	1561	1286	1179	1129	962	884	793	713	667	676	614	554	473	446	381	394	352	371	319	304	304	264	250	226	250	219	171	204	187	173	165	147	177	137	162	149	138	127	115	116	114	111	92	105	104	85	83	73	76	54	85	82	61	72	65	36	52	64	55	67	62	63	44	34	48	48	42	45	35	43	42	38	33	30	33	30	32	23	25	25	26	31	21	39	30	27	23	11	27	20	21	15	23	27	23	20	21	15	18	23	15	19	27	17	23	20	22
	4	8	12	16	20	24	28	32	36	40	44	48	52	56	60	64	68	72	76	80	84	88	92	96	100	104	108	112	116	120	124	128	132	136	140	144	148	152	156	160	164	168	172	176	180	184	188	192	196	200	204	208	212	216	220	224	228	232	236	240	244	248	252	256	260	264	268	272	276	280	284	288	292	296	300	304	308	312	316	320	324	328	332	336	340	344	348	352	356	360	364	368	372	376	380	384	388	392	396	400	404	408	412	416	420	424	428	432	436	440	444	448	452	456	460	464	468	472	476	480	484	488	492	496	500
MC3	5939529	496717	115542	47716	25533	15982	10657	7759	5853	4459	3526	2868	2347	2028	1731	1440	1339	1095	1004	878	753	728	669	627	513	452	455	399	365	321	319	289	277	228	238	215	223	181	197	174	159	148	128	128	136	132	112	119	90	90	87	73	81	79	71	81	80	59	57	68	56	54	47	56	36	45	58	44	47	49	47	36	47	41	37	27	40	26	31	31	28	33	35	32	21	32	24	23	24	19	25	19	29	24	21	21	29	22	15	10	21	20	14	13	13	13	13	11	12	14	17	15	9	14	15	13	7	12	9	10	11	9	13	6	7
	4	8	12	16	20	24	28	32	36	40	44	48	52	56	60	64	68	72	76	80	84	88	92	96	100	104	108	112	116	120	124	128	132	136	140	144	148	152	156	160	164	168	172	176	180	184	188	192	196	200	204	208	212	216	220	224	228	232	236	240	244	248	252	256	260	264	268	272	276	280	284	288	292	296	300	304	308	312	316	320	324	328	332	336	340	344	348	352	356	360	364	368	372	376	380	384	388	392	396	400	404	408	412	416	420	424	428	432	436	440	444	448	452	456	460	464	468	472	476	480	484	488	492	496	500
MC4	2491359	921504	443774	180993	80125	42541	25476	17028	12055	9068	7094	5474	4501	3684	3123	2627	2366	2012	1710	1517	1404	1170	1106	989	933	789	745	676	662	620	527	522	484	432	404	401	359	283	303	238	270	264	240	241	233	190	200	213	198	163	192	164	145	148	139	144	114	115	115	116	105	108	112	97	74	69	80	75	95	79	73	91	68	73	69	62	65	54	55	56	48	57	51	47	38	49	48	40	43	35	35	36	37	37	47	24	38	38	29	32	26	26	23	35	23	25	22	17	25	21	25	30	18	20	19	20	12	20	11	23	19	15	19	20	20
	4	8	12	16	20	24	28	32	36	40	44	48	52	56	60	64	68	72	76	80	84	88	92	96	100	104	108	112	116	120	124	128	132	136	140	144	148	152	156	160	164	168	172	176	180	184	188	192	196	200	204	208	212	216	220	224	228	232	236	240	244	248	252	256	260	264	268	272	276	280	284	288	292	296	300	304	308	312	316	320	324	328	332	336	340	344	348	352	356	360	364	368	372	376	380	384	388	392	396	400	404	408	412	416	420	424	428	432	436	440	444	448	452	456	460	464	468	472	476	480	484	488	492	496	500
MC5	7903260	1082805	270351	108087	56202	34028	22708	16151	11903	9099	7119	5928	4780	4072	3422	2959	2505	2203	1940	1748	1548	1373	1233	1143	965	892	829	770	719	707	613	576	577	503	471	456	412	390	350	325	339	313	308	238	256	250	226	225	219	230	220	213	167	177	175	167	136	123	148	132	126	123	116	120	107	111	117	87	108	99	103	80	85	81	68	88	87	69	65	69	64	54	64	53	54	60	66	54	53	43	47	42	44	52	32	47	50	25	37	44	45	33	31	30	33	26	24	30	32	43	26	31	29	29	18	23	27	26	19	27	22	15	16	17	21
	4	8	12	16	20	24	28	32	36	40	44	48	52	56	60	64	68	72	76	80	84	88	92	96	100	104	108	112	116	120	124	128	132	136	140	144	148	152	156	160	164	168	172	176	180	184	188	192	196	200	204	208	212	216	220	224	228	232	236	240	244	248	252	256	260	264	268	272	276	280	284	288	292	296	300	304	308	312	316	320	324	328	332	336	340	344	348	352	356	360	364	368	372	376	380	384	388	392	396	400	404	408	412	416	420	424	428	432	436	440	444	448	452	456	460	464	468	472	476	480	484	488	492	496	500
MH1	3319671	979860	323241	124174	61245	35764	23574	17113	12906	9790	7775	6315	5193	4435	3865	3291	2880	2565	2185	1950	1802	1501	1442	1351	1186	1147	993	932	865	801	735	678	591	550	535	513	488	473	434	394	420	364	349	314	310	256	296	288	274	244	225	231	212	188	192	195	199	167	167	155	147	142	143	145	125	110	112	124	121	111	99	95	93	105	98	87	100	110	77	78	86	79	66	78	53	63	72	55	66	54	56	71	52	57	56	44	58	52	48	55	34	40	39	45	46	37	51	39	30	34	22	34	28	34	32	24	26	28	21	27	31	32	25	28	22
	4	8	12	16	20	24	28	32	36	40	44	48	52	56	60	64	68	72	76	80	84	88	92	96	100	104	108	112	116	120	124	128	132	136	140	144	148	152	156	160	164	168	172	176	180	184	188	192	196	200	204	208	212	216	220	224	228	232	236	240	244	248	252	256	260	264	268	272	276	280	284	288	292	296	300	304	308	312	316	320	324	328	332	336	340	344	348	352	356	360	364	368	372	376	380	384	388	392	396	400	404	408	412	416	420	424	428	432	436	440	444	448	452	456	460	464	468	472	476	480	484	488	492	496	500
MH2	6952267	960303	238874	97894	52295	32182	21975	15970	12336	9447	7761	6387	5197	4531	3785	3316	2869	2584	2346	2029	1847	1761	1485	1287	1212	1180	1049	1018	866	873	773	724	710	645	593	547	516	497	493	437	384	376	360	354	342	281	281	278	257	268	259	239	231	219	213	185	194	194	164	152	164	163	157	148	124	149	158	129	121	112	109	113	106	94	112	103	111	85	90	77	86	76	75	91	92	83	80	66	80	71	60	50	70	60	51	59	53	51	52	49	42	35	47	40	43	42	30	33	45	38	42	47	39	29	33	35	34	34	32	27	27	34	33	41	30
	4	8	12	16	20	24	28	32	36	40	44	48	52	56	60	64	68	72	76	80	84	88	92	96	100	104	108	112	116	120	124	128	132	136	140	144	148	152	156	160	164	168	172	176	180	184	188	192	196	200	204	208	212	216	220	224	228	232	236	240	244	248	252	256	260	264	268	272	276	280	284	288	292	296	300	304	308	312	316	320	324	328	332	336	340	344	348	352	356	360	364	368	372	376	380	384	388	392	396	400	404	408	412	416	420	424	428	432	436	440	444	448	452	456	460	464	468	472	476	480	484	488	492	496	500
MH3	7276625	1264596	342918	142490	77120	48189	32818	24116	18126	14327	11634	9422	7814	6638	5814	5129	4438	3853	3474	3171	2805	2480	2351	2065	1869	1735	1575	1530	1381	1279	1191	1113	990	976	855	830	773	775	694	685	660	611	541	548	502	444	479	461	444	350	389	386	325	329	312	298	287	291	255	248	254	251	234	229	225	211	208	207	190	198	189	167	173	173	158	142	145	141	128	129	118	127	109	118	119	104	98	109	101	91	113	81	86	94	89	81	79	105	88	76	81	59	59	63	72	63	60	58	62	59	58	68	52	61	54	61	66	60	52	47	51	35	46	56	44
	4	8	12	16	20	24	28	32	36	40	44	48	52	56	60	64	68	72	76	80	84	88	92	96	100	104	108	112	116	120	124	128	132	136	140	144	148	152	156	160	164	168	172	176	180	184	188	192	196	200	204	208	212	216	220	224	228	232	236	240	244	248	252	256	260	264	268	272	276	280	284	288	292	296	300	304	308	312	316	320	324	328	332	336	340	344	348	352	356	360	364	368	372	376	380	384	388	392	396	400	404	408	412	416	420	424	428	432	436	440	444	448	452	456	460	464	468	472	476	480	484	488	492	496	500
MH4	7605589	1352391	358021	145206	76804	46917	31545	22630	16881	13133	10477	8477	7121	6033	5241	4340	3842	3236	2943	2624	2260	2047	1899	1682	1569	1399	1283	1161	1068	972	891	906	812	693	686	635	558	545	523	442	421	436	387	388	376	380	375	287	317	291	296	268	240	252	249	218	164	200	177	193	189	147	160	157	156	123	155	140	127	128	123	137	101	108	121	100	99	91	114	93	76	96	79	72	75	80	80	66	70	59	67	61	54	65	53	56	46	44	60	53	46	60	46	45	41	34	44	35	33	39	32	34	39	39	37	38	53	31	37	40	39	24	35	43	26
	4	8	12	16	20	24	28	32	36	40	44	48	52	56	60	64	68	72	76	80	84	88	92	96	100	104	108	112	116	120	124	128	132	136	140	144	148	152	156	160	164	168	172	176	180	184	188	192	196	200	204	208	212	216	220	224	228	232	236	240	244	248	252	256	260	264	268	272	276	280	284	288	292	296	300	304	308	312	316	320	324	328	332	336	340	344	348	352	356	360	364	368	372	376	380	384	388	392	396	400	404	408	412	416	420	424	428	432	436	440	444	448	452	456	460	464	468	472	476	480	484	488	492	496	500
MH5	10176106	837642	207081	87388	47080	29787	19851	14569	10892	8415	6904	5629	4639	3683	3373	2807	2577	2190	1858	1807	1582	1375	1237	1127	1054	933	854	736	745	693	585	586	539	498	459	431	405	394	386	329	291	293	250	252	247	237	209	201	203	193	184	189	141	134	147	139	141	133	124	129	107	125	112	107	109	96	88	101	74	79	85	82	87	73	76	66	52	65	51	58	62	68	53	62	42	56	61	26	51	50	48	42	45	41	55	32	44	31	39	35	30	35	27	30	27	23	39	36	20	39	25	22	23	29	18	18	31	22	20	27	19	20	24	20	13
	4	8	12	16	20	24	28	32	36	40	44	48	52	56	60	64	68	72	76	80	84	88	92	96	100	104	108	112	116	120	124	128	132	136	140	144	148	152	156	160	164	168	172	176	180	184	188	192	196	200	204	208	212	216	220	224	228	232	236	240	244	248	252	256	260	264	268	272	276	280	284	288	292	296	300	304	308	312	316	320	324	328	332	336	340	344	348	352	356	360	364	368	372	376	380	384	388	392	396	400	404	408	412	416	420	424	428	432	436	440	444	448	452	456	460	464	468	472	476	480	484	488	492	496	500
MN1	10315813	1382475	369688	156106	83986	52202	35423	25554	19080	14971	11832	9688	7780	6678	5718	5018	4374	3853	3460	2966	2705	2461	2225	2042	1856	1692	1535	1531	1404	1263	1125	1061	982	947	897	827	812	762	704	681	669	571	606	584	564	502	484	470	421	444	422	374	362	350	307	343	291	338	300	284	252	269	259	251	244	261	233	224	230	195	190	184	196	182	182	178	184	167	165	147	157	128	131	135	146	132	131	147	104	116	111	119	98	123	105	94	94	111	125	109	94	94	87	83	103	81	90	71	76	80	63	65	64	71	64	67	67	59	69	57	52	57	54	50	53
	4	8	12	16	20	24	28	32	36	40	44	48	52	56	60	64	68	72	76	80	84	88	92	96	100	104	108	112	116	120	124	128	132	136	140	144	148	152	156	160	164	168	172	176	180	184	188	192	196	200	204	208	212	216	220	224	228	232	236	240	244	248	252	256	260	264	268	272	276	280	284	288	292	296	300	304	308	312	316	320	324	328	332	336	340	344	348	352	356	360	364	368	372	376	380	384	388	392	396	400	404	408	412	416	420	424	428	432	436	440	444	448	452	456	460	464	468	472	476	480	484	488	492	496	500
MN2	8716191	793628	196824	82774	45243	28360	19539	13867	10332	8026	6486	5436	4514	3723	3272	2813	2520	2146	1940	1722	1544	1391	1312	1145	1043	961	859	769	776	695	644	654	612	547	530	505	452	455	415	397	355	353	328	312	298	298	279	242	265	224	209	228	212	183	208	163	166	173	142	157	142	142	142	141	121	127	127	106	119	122	117	106	93	82	84	74	91	95	94	91	67	83	75	72	86	56	79	62	68	70	63	50	66	46	44	57	45	36	51	40	44	38	33	44	41	44	31	51	35	34	34	26	26	33	30	27	22	43	33	32	35	31	30	38	33
	4	8	12	16	20	24	28	32	36	40	44	48	52	56	60	64	68	72	76	80	84	88	92	96	100	104	108	112	116	120	124	128	132	136	140	144	148	152	156	160	164	168	172	176	180	184	188	192	196	200	204	208	212	216	220	224	228	232	236	240	244	248	252	256	260	264	268	272	276	280	284	288	292	296	300	304	308	312	316	320	324	328	332	336	340	344	348	352	356	360	364	368	372	376	380	384	388	392	396	400	404	408	412	416	420	424	428	432	436	440	444	448	452	456	460	464	468	472	476	480	484	488	492	496	500
MN3	9071109	1034151	260982	107896	57803	35972	24131	17585	13437	10174	8214	6744	5684	4673	4072	3576	3049	2731	2423	2189	1897	1799	1615	1415	1326	1238	1133	1048	928	877	853	781	704	686	602	588	605	562	508	466	475	480	446	420	377	357	335	319	296	325	326	266	273	270	235	245	228	211	217	198	187	181	165	186	170	156	161	164	148	142	160	132	116	141	125	113	99	140	113	107	123	104	89	105	91	69	95	81	88	69	82	91	66	85	61	82	87	56	68	77	66	61	76	46	62	61	55	58	58	58	52	55	45	45	54	48	56	47	47	47	48	37	37	35	43
	4	8	12	16	20	24	28	32	36	40	44	48	52	56	60	64	68	72	76	80	84	88	92	96	100	104	108	112	116	120	124	128	132	136	140	144	148	152	156	160	164	168	172	176	180	184	188	192	196	200	204	208	212	216	220	224	228	232	236	240	244	248	252	256	260	264	268	272	276	280	284	288	292	296	300	304	308	312	316	320	324	328	332	336	340	344	348	352	356	360	364	368	372	376	380	384	388	392	396	400	404	408	412	416	420	424	428	432	436	440	444	448	452	456	460	464	468	472	476	480	484	488	492	496	500
MN4	9292955	717125	190945	84856	47348	29911	20696	15046	11440	8978	7181	5896	4897	4162	3618	3051	2705	2388	2110	1896	1669	1482	1389	1250	1227	1073	981	945	851	788	732	663	597	612	599	503	480	493	418	410	379	348	340	366	352	298	252	267	262	247	248	223	216	204	225	204	194	199	189	179	158	165	132	131	140	141	132	137	121	118	110	107	120	88	102	93	88	74	93	82	73	89	75	61	62	64	69	64	84	65	87	59	55	54	46	52	46	64	55	55	54	55	48	54	40	44	37	35	54	34	36	38	29	34	22	38	31	24	22	20	34	32	21	25	22
	4	8	12	16	20	24	28	32	36	40	44	48	52	56	60	64	68	72	76	80	84	88	92	96	100	104	108	112	116	120	124	128	132	136	140	144	148	152	156	160	164	168	172	176	180	184	188	192	196	200	204	208	212	216	220	224	228	232	236	240	244	248	252	256	260	264	268	272	276	280	284	288	292	296	300	304	308	312	316	320	324	328	332	336	340	344	348	352	356	360	364	368	372	376	380	384	388	392	396	400	404	408	412	416	420	424	428	432	436	440	444	448	452	456	460	464	468	472	476	480	484	488	492	496	500
MN5	7498911	847200	207450	85385	46128	28956	19627	14422	10807	8364	6737	5550	4669	4008	3370	2886	2582	2373	2048	1849	1706	1512	1387	1269	1172	1104	960	891	846	763	720	681	684	580	599	509	502	517	443	447	429	399	365	353	348	298	328	321	279	250	251	250	247	207	246	220	199	201	202	185	159	155	177	162	149	144	159	132	144	126	144	113	129	99	104	103	111	107	103	98	95	84	81	65	74	75	73	61	89	90	82	64	84	65	59	62	55	64	51	54	57	59	56	43	48	45	47	46	52	45	41	42	27	32	27	42	46	49	34	42	33	36	31	35	31
	4	8	12	16	20	24	28	32	36	40	44	48	52	56	60	64	68	72	76	80	84	88	92	96	100	104	108	112	116	120	124	128	132	136	140	144	148	152	156	160	164	168	172	176	180	184	188	192	196	200	204	208	212	216	220	224	228	232	236	240	244	248	252	256	260	264	268	272	276	280	284	288	292	296	300	304	308	312	316	320	324	328	332	336	340	344	348	352	356	360	364	368	372	376	380	384	388	392	396	400	404	408	412	416	420	424	428	432	436	440	444	448	452	456	460	464	468	472	476	480	484	488	492	496	500
OC1	6525929	806184	194504	77720	40724	24925	17006	12062	9271	7068	5593	4603	3814	3145	2691	2397	2018	1775	1521	1430	1201	1131	1020	899	871	791	744	644	584	547	529	517	462	397	392	395	361	345	325	286	278	253	254	237	263	234	194	202	206	166	188	160	160	146	127	134	126	97	140	108	125	106	104	105	109	90	98	84	89	80	73	70	78	82	79	79	72	53	58	61	63	57	60	58	53	51	54	41	56	47	49	47	51	44	34	42	32	37	40	40	34	30	30	28	41	27	27	35	22	27	33	32	37	28	21	32	26	22	39	29	23	26	23	19	19
	4	8	12	16	20	24	28	32	36	40	44	48	52	56	60	64	68	72	76	80	84	88	92	96	100	104	108	112	116	120	124	128	132	136	140	144	148	152	156	160	164	168	172	176	180	184	188	192	196	200	204	208	212	216	220	224	228	232	236	240	244	248	252	256	260	264	268	272	276	280	284	288	292	296	300	304	308	312	316	320	324	328	332	336	340	344	348	352	356	360	364	368	372	376	380	384	388	392	396	400	404	408	412	416	420	424	428	432	436	440	444	448	452	456	460	464	468	472	476	480	484	488	492	496	500
OC2	7103480	916550	229388	93915	49783	30511	20407	14456	10840	8404	6552	5501	4418	3746	3199	2729	2328	2013	1808	1611	1483	1258	1159	1030	937	884	810	743	684	669	562	534	474	466	444	397	382	370	317	309	292	271	258	228	213	225	214	217	198	178	166	165	153	147	143	139	133	134	127	118	105	108	113	97	110	110	89	102	82	88	94	86	83	75	60	81	67	61	66	64	70	57	60	43	49	49	50	52	50	48	40	35	37	38	44	41	37	37	32	39	44	39	25	31	37	34	29	35	34	19	27	34	19	30	22	21	24	26	17	18	19	31	25	17	17
	4	8	12	16	20	24	28	32	36	40	44	48	52	56	60	64	68	72	76	80	84	88	92	96	100	104	108	112	116	120	124	128	132	136	140	144	148	152	156	160	164	168	172	176	180	184	188	192	196	200	204	208	212	216	220	224	228	232	236	240	244	248	252	256	260	264	268	272	276	280	284	288	292	296	300	304	308	312	316	320	324	328	332	336	340	344	348	352	356	360	364	368	372	376	380	384	388	392	396	400	404	408	412	416	420	424	428	432	436	440	444	448	452	456	460	464	468	472	476	480	484	488	492	496	500
OC3	12179023	968046	246787	104201	56448	34712	23523	16551	12379	9363	7584	6072	5086	4263	3564	3038	2597	2329	1958	1763	1578	1481	1255	1136	1010	963	906	797	729	713	589	569	527	523	482	415	444	407	362	331	347	313	272	292	271	259	254	214	235	214	192	198	190	169	163	130	154	128	135	127	123	119	113	124	118	95	108	88	101	83	82	97	81	53	92	90	81	76	72	55	69	66	52	44	48	63	50	54	49	56	49	53	51	48	49	37	40	33	25	44	35	43	34	22	38	28	28	36	19	23	25	21	18	28	23	27	33	22	20	26	26	27	21	21	29
	4	8	12	16	20	24	28	32	36	40	44	48	52	56	60	64	68	72	76	80	84	88	92	96	100	104	108	112	116	120	124	128	132	136	140	144	148	152	156	160	164	168	172	176	180	184	188	192	196	200	204	208	212	216	220	224	228	232	236	240	244	248	252	256	260	264	268	272	276	280	284	288	292	296	300	304	308	312	316	320	324	328	332	336	340	344	348	352	356	360	364	368	372	376	380	384	388	392	396	400	404	408	412	416	420	424	428	432	436	440	444	448	452	456	460	464	468	472	476	480	484	488	492	496	500
OC4	4063838	1063732	325480	123277	60162	34926	22959	15573	11587	8977	6961	5710	4702	3848	3354	2819	2487	2084	1765	1657	1418	1308	1182	1175	989	880	794	738	728	661	617	543	489	469	411	415	376	350	325	310	277	259	286	260	245	214	236	210	194	168	202	177	189	170	159	138	149	133	138	115	109	106	119	99	111	107	92	93	81	91	72	91	78	72	64	76	65	58	63	74	50	59	58	72	60	49	60	53	48	40	46	45	48	49	36	36	43	42	46	33	40	34	39	27	30	45	32	34	42	35	35	25	30	26	28	28	31	29	40	30	33	24	27	26	23
	4	8	12	16	20	24	28	32	36	40	44	48	52	56	60	64	68	72	76	80	84	88	92	96	100	104	108	112	116	120	124	128	132	136	140	144	148	152	156	160	164	168	172	176	180	184	188	192	196	200	204	208	212	216	220	224	228	232	236	240	244	248	252	256	260	264	268	272	276	280	284	288	292	296	300	304	308	312	316	320	324	328	332	336	340	344	348	352	356	360	364	368	372	376	380	384	388	392	396	400	404	408	412	416	420	424	428	432	436	440	444	448	452	456	460	464	468	472	476	480	484	488	492	496	500
OC5	9187326	1129193	291750	121056	64225	39189	26179	18608	13949	10737	8370	6970	5759	4753	4083	3339	3022	2613	2291	2027	1805	1652	1475	1271	1140	1065	1047	944	836	787	694	672	600	548	521	515	483	466	413	378	351	355	375	291	289	298	270	278	277	214	206	217	201	204	187	226	164	163	152	140	139	179	145	132	106	123	115	116	111	107	109	96	89	89	90	94	82	90	84	74	57	82	70	78	79	56	61	58	53	40	62	50	53	51	59	50	57	49	51	47	46	49	51	29	39	44	32	34	32	34	35	36	27	36	40	32	28	29	23	21	24	41	25	34	24
	4	8	12	16	20	24	28	32	36	40	44	48	52	56	60	64	68	72	76	80	84	88	92	96	100	104	108	112	116	120	124	128	132	136	140	144	148	152	156	160	164	168	172	176	180	184	188	192	196	200	204	208	212	216	220	224	228	232	236	240	244	248	252	256	260	264	268	272	276	280	284	288	292	296	300	304	308	312	316	320	324	328	332	336	340	344	348	352	356	360	364	368	372	376	380	384	388	392	396	400	404	408	412	416	420	424	428	432	436	440	444	448	452	456	460	464	468	472	476	480	484	488	492	496	500
OH1	9927462	1115618	297565	128916	71289	44806	30615	22324	16641	13014	10323	8418	6896	5933	5013	4369	3751	3386	2913	2574	2328	2057	1888	1663	1619	1401	1230	1205	1051	1041	980	818	786	756	720	656	647	608	538	532	492	416	419	397	359	375	362	287	289	280	294	246	253	220	223	221	216	236	179	192	180	165	144	174	157	160	133	134	129	130	122	112	126	137	107	90	101	98	90	84	81	86	100	89	81	76	87	86	63	79	61	56	68	74	63	77	53	68	47	60	47	56	36	56	36	58	48	34	48	41	43	41	31	27	34	49	37	26	43	34	33	39	37	39	44
	4	8	12	16	20	24	28	32	36	40	44	48	52	56	60	64	68	72	76	80	84	88	92	96	100	104	108	112	116	120	124	128	132	136	140	144	148	152	156	160	164	168	172	176	180	184	188	192	196	200	204	208	212	216	220	224	228	232	236	240	244	248	252	256	260	264	268	272	276	280	284	288	292	296	300	304	308	312	316	320	324	328	332	336	340	344	348	352	356	360	364	368	372	376	380	384	388	392	396	400	404	408	412	416	420	424	428	432	436	440	444	448	452	456	460	464	468	472	476	480	484	488	492	496	500
OH2	7267864	1140295	301268	126146	68224	42726	29158	20992	16005	12409	9842	8131	6954	5714	4902	4198	3725	3102	2863	2548	2307	2052	1785	1661	1434	1386	1273	1124	1108	972	942	836	786	738	708	616	619	553	530	502	535	461	408	377	390	361	340	335	283	303	283	264	273	263	191	226	253	183	207	176	193	158	159	169	147	175	143	142	140	123	136	122	104	124	102	113	99	100	97	91	90	79	86	89	88	86	83	73	68	80	71	70	63	67	60	58	59	65	47	65	47	52	64	37	53	43	42	51	49	33	40	51	42	40	33	43	21	31	48	40	40	36	43	24	27
	4	8	12	16	20	24	28	32	36	40	44	48	52	56	60	64	68	72	76	80	84	88	92	96	100	104	108	112	116	120	124	128	132	136	140	144	148	152	156	160	164	168	172	176	180	184	188	192	196	200	204	208	212	216	220	224	228	232	236	240	244	248	252	256	260	264	268	272	276	280	284	288	292	296	300	304	308	312	316	320	324	328	332	336	340	344	348	352	356	360	364	368	372	376	380	384	388	392	396	400	404	408	412	416	420	424	428	432	436	440	444	448	452	456	460	464	468	472	476	480	484	488	492	496	500
OH3	7580201	1629819	432641	165277	81273	48112	30894	21764	16213	12008	9371	7577	6334	5142	4317	3712	3214	2784	2434	2139	1792	1597	1488	1306	1223	1075	1026	952	786	770	707	667	646	555	518	456	463	420	370	383	344	342	322	299	296	244	237	217	225	226	188	196	174	164	163	149	172	149	154	126	146	125	130	109	115	98	119	105	94	100	86	103	85	79	79	84	87	81	65	60	65	52	62	46	58	64	69	48	53	45	45	44	54	52	40	35	50	41	38	30	42	35	32	40	27	27	36	28	35	37	28	27	35	27	26	32	23	25	20	24	29	26	28	28	25
	4	8	12	16	20	24	28	32	36	40	44	48	52	56	60	64	68	72	76	80	84	88	92	96	100	104	108	112	116	120	124	128	132	136	140	144	148	152	156	160	164	168	172	176	180	184	188	192	196	200	204	208	212	216	220	224	228	232	236	240	244	248	252	256	260	264	268	272	276	280	284	288	292	296	300	304	308	312	316	320	324	328	332	336	340	344	348	352	356	360	364	368	372	376	380	384	388	392	396	400	404	408	412	416	420	424	428	432	436	440	444	448	452	456	460	464	468	472	476	480	484	488	492	496	500
OH4	8341830	703389	169930	72289	38981	24307	16514	11651	8723	6808	5246	4280	3487	2929	2447	2159	1852	1640	1411	1212	1104	1010	862	766	677	664	636	551	496	456	379	394	332	327	320	256	254	237	226	245	219	194	205	167	146	162	161	137	128	112	124	122	129	117	95	111	78	102	96	99	93	92	86	68	56	74	68	56	40	56	59	64	54	59	44	42	51	47	49	46	40	43	41	42	21	43	30	37	26	22	24	30	27	38	26	35	27	22	16	19	22	23	24	28	25	20	26	20	22	32	17	19	19	18	14	21	16	11	18	15	20	7	10	17	8
	4	8	12	16	20	24	28	32	36	40	44	48	52	56	60	64	68	72	76	80	84	88	92	96	100	104	108	112	116	120	124	128	132	136	140	144	148	152	156	160	164	168	172	176	180	184	188	192	196	200	204	208	212	216	220	224	228	232	236	240	244	248	252	256	260	264	268	272	276	280	284	288	292	296	300	304	308	312	316	320	324	328	332	336	340	344	348	352	356	360	364	368	372	376	380	384	388	392	396	400	404	408	412	416	420	424	428	432	436	440	444	448	452	456	460	464	468	472	476	480	484	488	492	496	500
OH5	6046509	918717	228369	91175	48036	29496	19684	14229	10691	8172	6588	5151	4207	3761	3013	2698	2325	2034	1717	1582	1348	1188	1115	1027	900	863	736	703	646	586	491	481	478	453	373	351	378	329	291	268	292	252	237	242	220	181	231	168	185	180	161	157	146	141	127	122	110	117	108	116	109	105	100	91	82	98	85	78	88	86	89	56	82	61	67	77	54	76	51	56	57	61	51	55	46	48	51	51	56	46	53	46	44	39	31	28	35	41	30	41	25	30	27	31	33	25	38	34	32	21	29	28	31	32	24	24	23	30	30	21	30	13	23	21	11
	4	8	12	16	20	24	28	32	36	40	44	48	52	56	60	64	68	72	76	80	84	88	92	96	100	104	108	112	116	120	124	128	132	136	140	144	148	152	156	160	164	168	172	176	180	184	188	192	196	200	204	208	212	216	220	224	228	232	236	240	244	248	252	256	260	264	268	272	276	280	284	288	292	296	300	304	308	312	316	320	324	328	332	336	340	344	348	352	356	360	364	368	372	376	380	384	388	392	396	400	404	408	412	416	420	424	428	432	436	440	444	448	452	456	460	464	468	472	476	480	484	488	492	496	500
ON1	6722086	768364	184591	75992	40934	25324	17057	12512	9179	7480	5964	4778	3919	3376	2781	2507	2206	1898	1725	1505	1341	1228	1114	1049	881	860	786	739	654	619	602	566	493	473	481	441	413	351	364	345	323	296	263	289	220	255	257	228	209	208	214	180	153	180	180	132	148	162	150	129	131	101	127	106	114	118	94	113	102	104	92	94	88	93	71	80	83	92	75	59	74	51	41	76	58	61	50	57	55	48	41	49	48	43	52	49	46	46	45	36	42	39	36	38	42	41	33	29	40	30	30	34	34	27	31	37	28	29	30	25	22	18	24	22	20
	4	8	12	16	20	24	28	32	36	40	44	48	52	56	60	64	68	72	76	80	84	88	92	96	100	104	108	112	116	120	124	128	132	136	140	144	148	152	156	160	164	168	172	176	180	184	188	192	196	200	204	208	212	216	220	224	228	232	236	240	244	248	252	256	260	264	268	272	276	280	284	288	292	296	300	304	308	312	316	320	324	328	332	336	340	344	348	352	356	360	364	368	372	376	380	384	388	392	396	400	404	408	412	416	420	424	428	432	436	440	444	448	452	456	460	464	468	472	476	480	484	488	492	496	500
ON2	6645168	752283	186628	77407	42259	26367	17753	12669	9798	7644	6065	5149	4180	3624	3077	2562	2215	2038	1793	1578	1441	1228	1173	1142	984	944	745	774	687	652	617	584	581	480	481	453	419	396	407	339	302	307	315	314	253	234	261	224	241	221	193	181	174	179	168	187	158	167	161	151	137	142	134	136	129	96	122	117	97	103	95	84	91	86	92	85	64	81	71	75	65	69	62	60	61	64	49	64	57	60	44	65	52	43	43	41	51	42	51	32	47	31	36	51	35	38	31	31	33	37	22	30	35	30	35	25	40	28	43	34	28	26	17	29	26
	4	8	12	16	20	24	28	32	36	40	44	48	52	56	60	64	68	72	76	80	84	88	92	96	100	104	108	112	116	120	124	128	132	136	140	144	148	152	156	160	164	168	172	176	180	184	188	192	196	200	204	208	212	216	220	224	228	232	236	240	244	248	252	256	260	264	268	272	276	280	284	288	292	296	300	304	308	312	316	320	324	328	332	336	340	344	348	352	356	360	364	368	372	376	380	384	388	392	396	400	404	408	412	416	420	424	428	432	436	440	444	448	452	456	460	464	468	472	476	480	484	488	492	496	500
ON3	7336512	725826	177165	72874	39142	24184	16566	11626	8822	6837	5430	4393	3626	2962	2731	2249	1868	1700	1489	1310	1168	1026	944	837	763	751	660	622	593	507	463	405	423	391	340	308	315	257	313	238	236	235	251	212	202	197	185	152	161	142	130	122	134	113	121	126	117	108	104	92	99	92	84	80	93	65	76	58	75	53	77	73	47	68	52	46	62	41	55	49	52	56	34	51	64	38	41	47	45	26	45	45	47	34	36	29	40	37	36	33	27	33	25	28	24	25	28	24	18	30	24	20	20	24	24	22	21	26	19	21	19	22	16	17	22
	4	8	12	16	20	24	28	32	36	40	44	48	52	56	60	64	68	72	76	80	84	88	92	96	100	104	108	112	116	120	124	128	132	136	140	144	148	152	156	160	164	168	172	176	180	184	188	192	196	200	204	208	212	216	220	224	228	232	236	240	244	248	252	256	260	264	268	272	276	280	284	288	292	296	300	304	308	312	316	320	324	328	332	336	340	344	348	352	356	360	364	368	372	376	380	384	388	392	396	400	404	408	412	416	420	424	428	432	436	440	444	448	452	456	460	464	468	472	476	480	484	488	492	496	500
ON4	10274105	1384571	362532	149102	79372	48496	32717	23516	17550	13640	10979	8730	7272	6132	5201	4441	3830	3494	3100	2697	2457	2215	2020	1822	1642	1494	1377	1264	1175	1051	1040	925	863	827	771	744	675	669	617	558	502	548	467	505	456	456	396	401	382	371	362	332	300	274	308	291	267	249	250	253	200	230	206	214	193	191	185	180	196	153	139	177	165	145	155	154	128	129	109	132	121	117	128	110	122	129	108	110	90	107	95	87	94	103	73	83	79	77	70	80	62	77	72	68	97	79	59	57	64	43	49	56	60	63	76	50	73	52	51	41	59	43	45	55	45
	4	8	12	16	20	24	28	32	36	40	44	48	52	56	60	64	68	72	76	80	84	88	92	96	100	104	108	112	116	120	124	128	132	136	140	144	148	152	156	160	164	168	172	176	180	184	188	192	196	200	204	208	212	216	220	224	228	232	236	240	244	248	252	256	260	264	268	272	276	280	284	288	292	296	300	304	308	312	316	320	324	328	332	336	340	344	348	352	356	360	364	368	372	376	380	384	388	392	396	400	404	408	412	416	420	424	428	432	436	440	444	448	452	456	460	464	468	472	476	480	484	488	492	496	500
ON5	7689265	1437919	393644	159926	83854	51386	33906	24402	18129	13962	10988	8893	7434	6317	5353	4603	3911	3428	3082	2779	2546	2204	1999	1757	1676	1470	1328	1225	1149	1039	1077	984	899	811	784	745	670	602	617	574	559	526	486	489	423	440	381	357	337	356	348	313	285	306	291	236	261	250	277	262	244	231	216	184	178	161	195	154	172	201	172	161	161	160	147	120	112	135	123	125	118	119	103	105	101	99	103	112	100	97	97	100	78	75	84	90	69	75	74	69	75	60	85	71	57	63	68	68	64	54	48	54	56	54	51	53	41	56	52	47	32	41	47	41	51
	4	8	12	16	20	24	28	32	36	40	44	48	52	56	60	64	68	72	76	80	84	88	92	96	100	104	108	112	116	120	124	128	132	136	140	144	148	152	156	160	164	168	172	176	180	184	188	192	196	200	204	208	212	216	220	224	228	232	236	240	244	248	252	256	260	264	268	272	276	280	284	288	292	296	300	304	308	312	316	320	324	328	332	336	340	344	348	352	356	360	364	368	372	376	380	384	388	392	396	400	404	408	412	416	420	424	428	432	436	440	444	448	452	456	460	464	468	472	476	480	484	488	492	496	500
WC1	6210706	921764	241919	99767	53224	33560	22510	16311	12264	9379	7494	6040	5067	4246	3640	3062	2732	2413	2150	1856	1691	1551	1321	1251	1105	1075	964	861	813	755	729	646	572	561	528	479	497	430	419	374	407	362	322	302	320	279	291	263	244	237	224	209	220	204	203	175	160	187	152	137	135	132	149	122	167	128	102	99	94	101	109	106	101	97	102	101	90	73	86	61	74	77	57	49	77	56	70	59	62	54	59	56	67	69	49	59	49	51	51	40	45	42	43	34	33	35	40	39	28	33	25	32	35	30	19	34	25	26	28	28	30	26	30	18	19
	4	8	12	16	20	24	28	32	36	40	44	48	52	56	60	64	68	72	76	80	84	88	92	96	100	104	108	112	116	120	124	128	132	136	140	144	148	152	156	160	164	168	172	176	180	184	188	192	196	200	204	208	212	216	220	224	228	232	236	240	244	248	252	256	260	264	268	272	276	280	284	288	292	296	300	304	308	312	316	320	324	328	332	336	340	344	348	352	356	360	364	368	372	376	380	384	388	392	396	400	404	408	412	416	420	424	428	432	436	440	444	448	452	456	460	464	468	472	476	480	484	488	492	496	500
WC2	6975003	586312	148920	64186	35295	22133	15004	10629	8263	6435	5055	4109	3420	2960	2428	2120	1838	1614	1482	1307	1123	998	934	880	753	676	623	590	591	508	473	383	399	354	379	335	329	329	272	239	260	244	220	226	180	188	178	175	170	158	160	156	147	129	124	116	121	107	100	107	95	90	98	95	80	95	70	69	74	61	59	58	61	61	61	60	52	51	57	45	54	49	37	34	44	37	41	42	34	35	26	34	39	31	29	32	29	32	30	24	28	23	18	23	22	27	25	31	16	17	24	18	26	31	18	20	16	17	19	16	16	16	17	21	8
	4	8	12	16	20	24	28	32	36	40	44	48	52	56	60	64	68	72	76	80	84	88	92	96	100	104	108	112	116	120	124	128	132	136	140	144	148	152	156	160	164	168	172	176	180	184	188	192	196	200	204	208	212	216	220	224	228	232	236	240	244	248	252	256	260	264	268	272	276	280	284	288	292	296	300	304	308	312	316	320	324	328	332	336	340	344	348	352	356	360	364	368	372	376	380	384	388	392	396	400	404	408	412	416	420	424	428	432	436	440	444	448	452	456	460	464	468	472	476	480	484	488	492	496	500
WC3	7215359	1115085	298115	126175	67677	42292	28438	20559	15447	11996	9712	7944	6428	5402	4645	4058	3451	3074	2784	2523	2133	1943	1715	1612	1499	1333	1236	1102	1015	983	939	802	783	729	691	661	609	568	532	506	474	456	457	401	394	387	379	372	322	287	264	280	287	235	219	236	203	229	212	192	182	187	198	165	164	168	157	154	172	143	142	108	129	109	114	110	104	122	100	88	112	89	100	87	89	97	83	79	96	74	72	84	61	63	71	67	72	45	58	51	45	61	54	63	48	40	34	43	38	38	54	49	50	42	41	53	38	30	33	34	33	31	34	41	37
	4	8	12	16	20	24	28	32	36	40	44	48	52	56	60	64	68	72	76	80	84	88	92	96	100	104	108	112	116	120	124	128	132	136	140	144	148	152	156	160	164	168	172	176	180	184	188	192	196	200	204	208	212	216	220	224	228	232	236	240	244	248	252	256	260	264	268	272	276	280	284	288	292	296	300	304	308	312	316	320	324	328	332	336	340	344	348	352	356	360	364	368	372	376	380	384	388	392	396	400	404	408	412	416	420	424	428	432	436	440	444	448	452	456	460	464	468	472	476	480	484	488	492	496	500
WC4	7950584	1415190	394869	167585	89821	55329	37764	27000	20683	15815	12695	10440	8632	7324	6162	5134	4669	4134	3686	3175	2876	2702	2335	2113	2003	1774	1532	1529	1459	1335	1222	1083	1036	985	941	895	823	776	766	645	677	603	570	545	523	534	509	465	418	474	427	376	350	364	369	312	296	320	293	281	284	261	238	210	235	205	217	220	204	207	166	181	163	154	169	166	176	163	152	166	130	149	146	156	117	125	117	138	112	105	105	95	97	104	98	107	96	86	82	85	73	79	86	78	66	59	63	66	65	61	68	72	64	67	57	62	65	57	46	69	59	48	59	64	43
	4	8	12	16	20	24	28	32	36	40	44	48	52	56	60	64	68	72	76	80	84	88	92	96	100	104	108	112	116	120	124	128	132	136	140	144	148	152	156	160	164	168	172	176	180	184	188	192	196	200	204	208	212	216	220	224	228	232	236	240	244	248	252	256	260	264	268	272	276	280	284	288	292	296	300	304	308	312	316	320	324	328	332	336	340	344	348	352	356	360	364	368	372	376	380	384	388	392	396	400	404	408	412	416	420	424	428	432	436	440	444	448	452	456	460	464	468	472	476	480	484	488	492	496	500
WC5	7841290	1767575	536185	225227	119622	72592	49506	35445	26268	20963	16545	13409	10956	9205	7734	6736	5812	5160	4540	3945	3602	3293	2907	2654	2460	2215	2094	1799	1749	1559	1526	1374	1247	1210	1186	1111	966	914	910	836	762	793	690	636	642	612	603	560	533	476	431	449	443	435	426	373	353	375	323	324	324	312	303	299	290	263	233	235	226	243	241	235	191	194	184	189	175	193	166	175	172	147	148	131	130	130	133	116	125	131	119	132	118	92	110	132	115	102	123	101	109	103	101	90	89	91	81	84	61	82	82	76	87	60	64	75	79	65	59	66	66	44	74	74	65
	4	8	12	16	20	24	28	32	36	40	44	48	52	56	60	64	68	72	76	80	84	88	92	96	100	104	108	112	116	120	124	128	132	136	140	144	148	152	156	160	164	168	172	176	180	184	188	192	196	200	204	208	212	216	220	224	228	232	236	240	244	248	252	256	260	264	268	272	276	280	284	288	292	296	300	304	308	312	316	320	324	328	332	336	340	344	348	352	356	360	364	368	372	376	380	384	388	392	396	400	404	408	412	416	420	424	428	432	436	440	444	448	452	456	460	464	468	472	476	480	484	488	492	496	500
WH1	8374435	849035	213732	90759	49457	30590	21046	15427	11470	9036	7190	5895	4977	4140	3587	3027	2706	2416	2151	1886	1683	1501	1362	1195	1064	1005	963	869	782	718	663	631	540	535	482	480	460	424	384	372	350	356	287	343	260	253	244	260	232	229	191	226	186	167	199	163	155	145	166	125	119	150	126	138	127	112	105	114	95	105	99	86	62	87	76	95	69	71	65	57	66	64	66	60	54	58	57	52	61	53	48	49	40	47	45	53	51	32	38	38	34	38	39	37	40	36	36	37	44	18	24	39	41	38	39	36	27	33	21	24	26	15	24	32	28
	4	8	12	16	20	24	28	32	36	40	44	48	52	56	60	64	68	72	76	80	84	88	92	96	100	104	108	112	116	120	124	128	132	136	140	144	148	152	156	160	164	168	172	176	180	184	188	192	196	200	204	208	212	216	220	224	228	232	236	240	244	248	252	256	260	264	268	272	276	280	284	288	292	296	300	304	308	312	316	320	324	328	332	336	340	344	348	352	356	360	364	368	372	376	380	384	388	392	396	400	404	408	412	416	420	424	428	432	436	440	444	448	452	456	460	464	468	472	476	480	484	488	492	496	500
WH2	8931959	1155258	309281	133875	73586	46265	31888	23365	17638	13856	11180	9170	7615	6362	5555	4880	4154	3808	3358	2961	2604	2336	2113	1891	1681	1681	1533	1369	1288	1159	1110	1051	929	914	803	812	844	720	666	616	561	577	501	464	487	459	412	399	396	382	411	350	357	315	300	320	272	278	255	255	246	241	194	217	219	216	183	214	193	191	178	161	148	167	161	136	134	136	112	134	125	131	128	113	99	105	98	112	103	110	106	93	83	92	69	87	73	87	57	66	87	71	65	63	52	70	62	53	75	67	65	52	51	45	60	45	53	43	45	44	38	52	47	35	47
	4	8	12	16	20	24	28	32	36	40	44	48	52	56	60	64	68	72	76	80	84	88	92	96	100	104	108	112	116	120	124	128	132	136	140	144	148	152	156	160	164	168	172	176	180	184	188	192	196	200	204	208	212	216	220	224	228	232	236	240	244	248	252	256	260	264	268	272	276	280	284	288	292	296	300	304	308	312	316	320	324	328	332	336	340	344	348	352	356	360	364	368	372	376	380	384	388	392	396	400	404	408	412	416	420	424	428	432	436	440	444	448	452	456	460	464	468	472	476	480	484	488	492	496	500
WH3	8411982	801592	198569	83394	45509	28634	19123	13860	10404	7999	6455	5392	4330	3683	3278	2725	2333	2049	1937	1630	1534	1264	1238	1050	1018	861	821	758	726	659	618	578	545	493	411	433	396	386	346	371	301	313	284	246	266	253	225	220	213	187	210	168	180	155	163	169	151	139	142	143	123	116	122	113	105	92	101	86	79	94	102	76	69	84	69	65	63	94	70	83	60	49	53	54	55	56	41	47	50	42	46	43	36	43	42	38	35	25	47	45	51	24	24	26	29	31	32	26	27	40	30	27	24	32	26	21	27	24	16	24	27	16	22	28	24
	4	8	12	16	20	24	28	32	36	40	44	48	52	56	60	64	68	72	76	80	84	88	92	96	100	104	108	112	116	120	124	128	132	136	140	144	148	152	156	160	164	168	172	176	180	184	188	192	196	200	204	208	212	216	220	224	228	232	236	240	244	248	252	256	260	264	268	272	276	280	284	288	292	296	300	304	308	312	316	320	324	328	332	336	340	344	348	352	356	360	364	368	372	376	380	384	388	392	396	400	404	408	412	416	420	424	428	432	436	440	444	448	452	456	460	464	468	472	476	480	484	488	492	496	500
WH4	6360370	699732	177138	75458	41310	26396	17965	13151	10008	7778	6258	5139	4314	3613	3046	2584	2383	1998	1869	1705	1468	1283	1197	1064	998	905	829	734	757	664	608	551	519	499	482	454	396	381	356	314	340	306	255	290	254	239	234	243	215	195	192	200	179	189	170	150	141	154	121	109	120	112	131	127	121	114	98	109	99	76	81	86	99	77	73	70	72	85	60	58	65	57	72	51	63	67	53	55	53	56	33	35	51	33	47	42	35	36	36	37	38	31	31	39	29	28	32	32	27	35	32	36	23	26	27	30	27	27	35	39	22	27	22	26	16
	4	8	12	16	20	24	28	32	36	40	44	48	52	56	60	64	68	72	76	80	84	88	92	96	100	104	108	112	116	120	124	128	132	136	140	144	148	152	156	160	164	168	172	176	180	184	188	192	196	200	204	208	212	216	220	224	228	232	236	240	244	248	252	256	260	264	268	272	276	280	284	288	292	296	300	304	308	312	316	320	324	328	332	336	340	344	348	352	356	360	364	368	372	376	380	384	388	392	396	400	404	408	412	416	420	424	428	432	436	440	444	448	452	456	460	464	468	472	476	480	484	488	492	496	500
WH5	7863972	932424	227980	93676	50006	30752	21232	15128	11391	9028	7060	5835	4976	4068	3491	3138	2693	2427	2147	1913	1683	1544	1505	1210	1220	1038	957	913	871	774	730	660	675	584	556	521	498	507	477	434	403	373	358	360	304	307	298	309	274	242	250	237	214	229	230	192	204	177	178	162	148	175	151	132	178	151	103	140	119	128	136	127	121	102	87	81	96	102	84	110	100	90	73	82	81	77	76	86	74	73	71	54	63	70	44	57	56	59	49	46	57	51	47	55	56	44	45	35	47	51	45	36	42	44	40	41	37	36	26	38	40	39	39	25	41
	4	8	12	16	20	24	28	32	36	40	44	48	52	56	60	64	68	72	76	80	84	88	92	96	100	104	108	112	116	120	124	128	132	136	140	144	148	152	156	160	164	168	172	176	180	184	188	192	196	200	204	208	212	216	220	224	228	232	236	240	244	248	252	256	260	264	268	272	276	280	284	288	292	296	300	304	308	312	316	320	324	328	332	336	340	344	348	352	356	360	364	368	372	376	380	384	388	392	396	400	404	408	412	416	420	424	428	432	436	440	444	448	452	456	460	464	468	472	476	480	484	488	492	496	500
WN1	8115729	1144817	309984	133408	73029	45782	31645	23298	17374	13595	11175	9002	7472	6426	5528	4695	4154	3698	3316	3052	2715	2405	2115	1979	1798	1696	1574	1418	1391	1269	1151	1144	1056	989	915	882	838	781	719	683	708	682	662	639	539	534	499	523	487	434	451	401	398	388	353	366	364	339	319	349	310	316	277	283	274	290	263	250	249	244	225	220	233	220	225	215	196	179	198	190	167	161	142	155	154	150	150	167	139	170	154	129	136	135	147	134	104	108	110	111	120	95	104	100	115	105	117	89	99	104	97	95	73	91	91	72	76	73	83	68	81	67	76	82	65
	4	8	12	16	20	24	28	32	36	40	44	48	52	56	60	64	68	72	76	80	84	88	92	96	100	104	108	112	116	120	124	128	132	136	140	144	148	152	156	160	164	168	172	176	180	184	188	192	196	200	204	208	212	216	220	224	228	232	236	240	244	248	252	256	260	264	268	272	276	280	284	288	292	296	300	304	308	312	316	320	324	328	332	336	340	344	348	352	356	360	364	368	372	376	380	384	388	392	396	400	404	408	412	416	420	424	428	432	436	440	444	448	452	456	460	464	468	472	476	480	484	488	492	496	500
WN2	5486088	1139142	320067	130943	69626	43110	29161	20920	16053	12358	9832	7997	6868	5876	5008	4371	3912	3440	3033	2720	2426	2149	2002	1870	1689	1567	1379	1333	1219	1134	1086	1035	940	868	884	756	738	722	715	636	618	626	557	564	522	517	430	439	405	435	394	383	354	392	334	323	331	291	296	266	298	269	250	257	246	281	252	226	231	211	218	205	191	193	192	161	165	174	202	155	159	159	148	157	124	158	140	140	140	140	108	104	114	114	116	95	102	103	89	105	98	105	104	78	88	93	82	87	97	77	85	79	91	64	70	65	67	67	79	53	81	68	48	69	66
	4	8	12	16	20	24	28	32	36	40	44	48	52	56	60	64	68	72	76	80	84	88	92	96	100	104	108	112	116	120	124	128	132	136	140	144	148	152	156	160	164	168	172	176	180	184	188	192	196	200	204	208	212	216	220	224	228	232	236	240	244	248	252	256	260	264	268	272	276	280	284	288	292	296	300	304	308	312	316	320	324	328	332	336	340	344	348	352	356	360	364	368	372	376	380	384	388	392	396	400	404	408	412	416	420	424	428	432	436	440	444	448	452	456	460	464	468	472	476	480	484	488	492	496	500
WN3	8818840	1195921	329494	144090	79832	50427	35145	25443	19398	15066	12203	9874	8313	7285	6062	5337	4711	4124	3566	3242	2970	2627	2432	2238	1973	1856	1717	1484	1511	1423	1266	1222	1122	1010	1026	938	893	834	768	715	742	684	654	556	568	566	542	534	509	479	474	458	404	411	376	376	339	324	300	336	294	302	317	297	302	271	265	263	237	233	223	216	229	210	199	200	187	198	178	193	138	157	145	155	154	146	141	153	134	148	141	126	129	133	120	132	109	95	94	88	98	114	111	105	80	93	96	88	89	93	93	82	69	70	75	84	61	60	74	70	68	71	69	69	69
	4	8	12	16	20	24	28	32	36	40	44	48	52	56	60	64	68	72	76	80	84	88	92	96	100	104	108	112	116	120	124	128	132	136	140	144	148	152	156	160	164	168	172	176	180	184	188	192	196	200	204	208	212	216	220	224	228	232	236	240	244	248	252	256	260	264	268	272	276	280	284	288	292	296	300	304	308	312	316	320	324	328	332	336	340	344	348	352	356	360	364	368	372	376	380	384	388	392	396	400	404	408	412	416	420	424	428	432	436	440	444	448	452	456	460	464	468	472	476	480	484	488	492	496	500
WN4	9185008	1103052	299609	130802	73146	46081	31895	23232	17577	13874	11138	8946	7602	6429	5547	4787	4211	3619	3343	3000	2612	2433	2226	2010	1844	1675	1540	1441	1374	1253	1128	1108	988	967	844	846	763	792	671	663	641	638	604	546	536	537	453	442	427	452	404	410	349	373	339	347	306	336	303	312	285	232	242	246	211	235	221	227	210	194	196	175	216	186	179	171	172	177	161	139	146	126	139	115	119	131	122	141	100	135	120	122	117	108	89	99	110	108	99	80	91	86	77	84	96	92	87	86	69	75	79	70	65	72	70	56	65	62	59	61	61	59	62	62	48
	4	8	12	16	20	24	28	32	36	40	44	48	52	56	60	64	68	72	76	80	84	88	92	96	100	104	108	112	116	120	124	128	132	136	140	144	148	152	156	160	164	168	172	176	180	184	188	192	196	200	204	208	212	216	220	224	228	232	236	240	244	248	252	256	260	264	268	272	276	280	284	288	292	296	300	304	308	312	316	320	324	328	332	336	340	344	348	352	356	360	364	368	372	376	380	384	388	392	396	400	404	408	412	416	420	424	428	432	436	440	444	448	452	456	460	464	468	472	476	480	484	488	492	496	500
WN5	9111790	1484794	425897	184528	102160	64570	44217	32412	24418	19092	15294	12469	10629	9014	7622	6591	5906	5156	4700	4190	3691	3353	3070	2725	2519	2321	2078	1959	1870	1699	1618	1505	1439	1381	1207	1231	1091	1060	1018	946	883	882	813	790	714	753	697	670	583	563	550	567	519	486	473	493	454	427	454	395	396	367	382	358	388	365	312	327	301	332	276	280	290	273	234	266	245	219	243	245	215	229	218	201	184	199	180	212	193	153	168	145	160	166	152	172	146	151	151	157	133	142	139	141	146	130	112	111	140	118	121	126	122	107	103	95	98	72	100	91	92	109	101	91	81

