	15.0	16.0	17.0	18.0	19.0	20.0	21.0	22.0	23.0	24.0	25.0	26.0	27.0	28.0	29.0	30.0	31.0	32.0	33.0	34.0	35.0	36.0	37.0
s01_1	14.0	178.0	796.0	635.0	325.0	318.0	818.0	2427.0	6292.0	14495.0	28084.0	47872.0	75488.0	109382.0	151393.0	201182.0	264360.0	346662.0	460752.0	649633.0	1043278.0	2617782.0	15976762.0
	2.0	3.0	4.0	5.0	6.0	7.0	8.0	9.0	10.0	11.0	12.0	13.0	14.0	15.0	16.0	17.0	18.0	19.0	20.0	21.0	22.0	23.0	24.0	25.0	26.0	27.0	28.0	29.0	30.0	31.0	32.0	33.0	34.0	35.0	36.0	37.0
s01_2	1155.0	1391.0	1178.0	1158.0	1421.0	968.0	1238.0	1801.0	2007.0	845.0	1179.0	883.0	630.0	956.0	2826.0	5749.0	9355.0	13560.0	18338.0	25940.0	36885.0	52245.0	71992.0	94676.0	122461.0	154689.0	189109.0	229515.0	280314.0	333755.0	411140.0	521280.0	701075.0	1085980.0	2609965.0	15011269.0
	15.0	16.0	17.0	18.0	19.0	20.0	21.0	22.0	23.0	24.0	25.0	26.0	27.0	28.0	29.0	30.0	31.0	32.0	33.0	34.0	35.0	36.0	37.0
s02_1	7.0	290.0	1261.0	1040.0	429.0	356.0	866.0	2283.0	6135.0	13907.0	26727.0	46178.0	71617.0	103334.0	140657.0	186520.0	243374.0	318790.0	422123.0	592703.0	936649.0	2299723.0	15088643.0
	2.0	3.0	4.0	5.0	6.0	7.0	8.0	9.0	10.0	11.0	12.0	13.0	14.0	15.0	16.0	17.0	18.0	19.0	20.0	21.0	22.0	23.0	24.0	25.0	26.0	27.0	28.0	29.0	30.0	31.0	32.0	33.0	34.0	35.0	36.0	37.0
s02_2	1080.0	1275.0	1117.0	1111.0	1294.0	952.0	1109.0	1627.0	1935.0	727.0	1162.0	855.0	602.0	1111.0	5820.0	14199.0	24127.0	31687.0	36014.0	41452.0	49947.0	64097.0	81924.0	103375.0	128999.0	157314.0	188222.0	225425.0	269785.0	315751.0	387687.0	487387.0	650235.0	1004755.0	2433628.0	13785825.0
	15.0	16.0	17.0	18.0	19.0	20.0	21.0	22.0	23.0	24.0	25.0	26.0	27.0	28.0	29.0	30.0	31.0	32.0	33.0	34.0	35.0	36.0	37.0
s03_1	10.0	297.0	1256.0	947.0	363.0	411.0	982.0	2841.0	7245.0	16424.0	31742.0	54483.0	84594.0	121223.0	167999.0	223451.0	292890.0	383043.0	508984.0	712292.0	1139072.0	2806620.0	17804090.0
	2.0	3.0	4.0	5.0	6.0	7.0	8.0	9.0	10.0	11.0	12.0	13.0	14.0	15.0	16.0	17.0	18.0	19.0	20.0	21.0	22.0	23.0	24.0	25.0	26.0	27.0	28.0	29.0	30.0	31.0	32.0	33.0	34.0	35.0	36.0	37.0
s03_2	1271.0	1528.0	1408.0	1250.0	1519.0	1086.0	1267.0	1958.0	2274.0	945.0	1371.0	986.0	642.0	928.0	2934.0	6002.0	9844.0	14432.0	20394.0	29256.0	41966.0	59318.0	80958.0	106818.0	136830.0	172588.0	210433.0	256360.0	312124.0	372065.0	457707.0	579618.0	783115.0	1213188.0	2944304.0	16532572.0
	15.0	16.0	17.0	18.0	19.0	20.0	21.0	22.0	23.0	24.0	25.0	26.0	27.0	28.0	29.0	30.0	31.0	32.0	33.0	34.0	35.0	36.0	37.0
s04_1	12.0	276.0	961.0	796.0	332.0	294.0	744.0	2138.0	5988.0	13202.0	25837.0	44047.0	68688.0	99537.0	136717.0	181324.0	238317.0	311479.0	413628.0	580101.0	926373.0	2291861.0	14921234.0
	2.0	3.0	4.0	5.0	6.0	7.0	8.0	9.0	10.0	11.0	12.0	13.0	14.0	15.0	16.0	17.0	18.0	19.0	20.0	21.0	22.0	23.0	24.0	25.0	26.0	27.0	28.0	29.0	30.0	31.0	32.0	33.0	34.0	35.0	36.0	37.0
s04_2	1089.0	1300.0	1076.0	1073.0	1309.0	947.0	1101.0	1625.0	1965.0	775.0	1125.0	848.0	563.0	883.0	3194.0	7217.0	12662.0	17732.0	22671.0	29962.0	39714.0	54433.0	72197.0	93147.0	118450.0	146988.0	179883.0	215485.0	261469.0	308456.0	378267.0	476265.0	637883.0	984567.0	2379338.0	13808227.0
	15.0	16.0	17.0	18.0	19.0	20.0	21.0	22.0	23.0	24.0	25.0	26.0	27.0	28.0	29.0	30.0	31.0	32.0	33.0	34.0	35.0	36.0	37.0
s05_1	14.0	385.0	1544.0	1181.0	470.0	447.0	1096.0	2915.0	7157.0	15190.0	27788.0	46236.0	70057.0	98184.0	132251.0	173078.0	223373.0	287880.0	377224.0	523593.0	822941.0	1950846.0	12128232.0
	2.0	3.0	4.0	5.0	6.0	7.0	8.0	9.0	10.0	11.0	12.0	13.0	14.0	15.0	16.0	17.0	18.0	19.0	20.0	21.0	22.0	23.0	24.0	25.0	26.0	27.0	28.0	29.0	30.0	31.0	32.0	33.0	34.0	35.0	36.0	37.0
s05_2	880.0	1085.0	944.0	888.0	1202.0	785.0	945.0	1332.0	1549.0	609.0	921.0	728.0	542.0	1592.0	11864.0	40380.0	69071.0	80140.0	77075.0	72954.0	73493.0	78835.0	89896.0	104575.0	122236.0	144279.0	167346.0	196628.0	232206.0	269311.0	324779.0	403970.0	536168.0	821572.0	1968091.0	10993211.0
	15.0	16.0	17.0	18.0	19.0	20.0	21.0	22.0	23.0	24.0	25.0	26.0	27.0	28.0	29.0	30.0	31.0	32.0	33.0	34.0	35.0	36.0	37.0
s06_1	9.0	246.0	992.0	798.0	328.0	343.0	864.0	2389.0	6164.0	13883.0	26237.0	44690.0	68606.0	98456.0	134984.0	179174.0	235122.0	309596.0	409410.0	572389.0	914472.0	2235225.0	13995961.0
	2.0	3.0	4.0	5.0	6.0	7.0	8.0	9.0	10.0	11.0	12.0	13.0	14.0	15.0	16.0	17.0	18.0	19.0	20.0	21.0	22.0	23.0	24.0	25.0	26.0	27.0	28.0	29.0	30.0	31.0	32.0	33.0	34.0	35.0	36.0	37.0
s06_2	1036.0	1207.0	1066.0	1013.0	1220.0	951.0	999.0	1519.0	1814.0	781.0	1060.0	793.0	544.0	967.0	3724.0	7858.0	13098.0	18316.0	22417.0	29031.0	38780.0	53199.0	70460.0	91169.0	114010.0	143136.0	173120.0	208109.0	250069.0	297006.0	363814.0	456699.0	615270.0	948674.0	2282659.0	13034750.0
	15.0	16.0	17.0	18.0	19.0	20.0	21.0	22.0	23.0	24.0	25.0	26.0	27.0	28.0	29.0	30.0	31.0	32.0	33.0	34.0	35.0	36.0	37.0
s07_1	10.0	293.0	1127.0	963.0	458.0	390.0	861.0	2238.0	5480.0	12288.0	24051.0	41134.0	63736.0	91741.0	126645.0	168733.0	220434.0	288803.0	384398.0	538242.0	860759.0	2102789.0	13003590.0
	2.0	3.0	4.0	5.0	6.0	7.0	8.0	9.0	10.0	11.0	12.0	13.0	14.0	15.0	16.0	17.0	18.0	19.0	20.0	21.0	22.0	23.0	24.0	25.0	26.0	27.0	28.0	29.0	30.0	31.0	32.0	33.0	34.0	35.0	36.0	37.0
s07_2	967.0	1140.0	949.0	997.0	1110.0	837.0	1006.0	1519.0	1650.0	719.0	960.0	750.0	486.0	835.0	3218.0	6838.0	11659.0	17144.0	23687.0	33209.0	46353.0	63664.0	84785.0	107027.0	133443.0	162947.0	193640.0	229062.0	270136.0	317742.0	385685.0	483256.0	648476.0	1008811.0	2416143.0	11278313.0
	15.0	16.0	17.0	18.0	19.0	20.0	21.0	22.0	23.0	24.0	25.0	26.0	27.0	28.0	29.0	30.0	31.0	32.0	33.0	34.0	35.0	36.0	37.0
s08_1	12.0	253.0	902.0	704.0	297.0	307.0	753.0	2286.0	6191.0	14152.0	27191.0	46684.0	72484.0	104631.0	145297.0	193404.0	254562.0	333258.0	442901.0	621523.0	989771.0	2413664.0	15001703.0
	2.0	3.0	4.0	5.0	6.0	7.0	8.0	9.0	10.0	11.0	12.0	13.0	14.0	15.0	16.0	17.0	18.0	19.0	20.0	21.0	22.0	23.0	24.0	25.0	26.0	27.0	28.0	29.0	30.0	31.0	32.0	33.0	34.0	35.0	36.0	37.0
s08_2	1112.0	1272.0	1115.0	1099.0	1226.0	912.0	1150.0	1673.0	1965.0	788.0	1082.0	837.0	605.0	776.0	2118.0	3643.0	6379.0	10675.0	16526.0	25267.0	37392.0	54179.0	73718.0	97077.0	123857.0	155071.0	188237.0	227831.0	276375.0	326138.0	399470.0	503473.0	672791.0	1033397.0	2444490.0	13979214.0
	15.0	16.0	17.0	18.0	19.0	20.0	21.0	22.0	23.0	24.0	25.0	26.0	27.0	28.0	29.0	30.0	31.0	32.0	33.0	34.0	35.0	36.0	37.0
s09_1	9.0	213.0	873.0	683.0	295.0	349.0	833.0	2463.0	6242.0	13789.0	26325.0	44442.0	68912.0	97781.0	133433.0	177398.0	231042.0	300938.0	399322.0	558206.0	891956.0	2186687.0	14274902.0
	2.0	3.0	4.0	5.0	6.0	7.0	8.0	9.0	10.0	11.0	12.0	13.0	14.0	15.0	16.0	17.0	18.0	19.0	20.0	21.0	22.0	23.0	24.0	25.0	26.0	27.0	28.0	29.0	30.0	31.0	32.0	33.0	34.0	35.0	36.0	37.0
s09_2	999.0	1172.0	1044.0	958.0	1225.0	915.0	1054.0	1612.0	1892.0	770.0	1055.0	776.0	534.0	839.0	2633.0	6427.0	12140.0	18520.0	24582.0	32603.0	43360.0	58439.0	77044.0	97636.0	121904.0	150088.0	179826.0	215449.0	258366.0	302057.0	368308.0	463731.0	621302.0	955002.0	2286190.0	13106641.0
	15.0	16.0	17.0	18.0	19.0	20.0	21.0	22.0	23.0	24.0	25.0	26.0	27.0	28.0	29.0	30.0	31.0	32.0	33.0	34.0	35.0	36.0	37.0
s10_1	22.0	258.0	900.0	740.0	341.0	367.0	827.0	2454.0	6187.0	13684.0	26099.0	43872.0	66690.0	95758.0	129519.0	172587.0	226709.0	297168.0	392021.0	542550.0	857103.0	2081548.0	12653861.0
	2.0	3.0	4.0	5.0	6.0	7.0	8.0	9.0	10.0	11.0	12.0	13.0	14.0	15.0	16.0	17.0	18.0	19.0	20.0	21.0	22.0	23.0	24.0	25.0	26.0	27.0	28.0	29.0	30.0	31.0	32.0	33.0	34.0	35.0	36.0	37.0
s10_2	920.0	1118.0	964.0	911.0	1180.0	841.0	969.0	1373.0	1686.0	705.0	1004.0	766.0	477.0	943.0	3405.0	6778.0	11393.0	16926.0	22162.0	30376.0	41027.0	56142.0	74103.0	94556.0	118003.0	145521.0	173751.0	206789.0	246494.0	289090.0	352134.0	440114.0	588411.0	903068.0	2140401.0	11636764.0
	15.0	16.0	17.0	18.0	19.0	20.0	21.0	22.0	23.0	24.0	25.0	26.0	27.0	28.0	29.0	30.0	31.0	32.0	33.0	34.0	35.0	36.0	37.0
s11_1	14.0	372.0	1330.0	980.0	429.0	457.0	993.0	3008.0	7442.0	17113.0	32639.0	55987.0	86986.0	125755.0	172220.0	228272.0	297788.0	389852.0	515688.0	718501.0	1142326.0	2805467.0	18443862.0
	2.0	3.0	4.0	5.0	6.0	7.0	8.0	9.0	10.0	11.0	12.0	13.0	14.0	15.0	16.0	17.0	18.0	19.0	20.0	21.0	22.0	23.0	24.0	25.0	26.0	27.0	28.0	29.0	30.0	31.0	32.0	33.0	34.0	35.0	36.0	37.0
s11_2	1344.0	1665.0	1391.0	1296.0	1628.0	1156.0	1383.0	2101.0	2361.0	935.0	1360.0	1016.0	721.0	1173.0	5103.0	13151.0	22371.0	29738.0	36412.0	47068.0	62146.0	83218.0	107679.0	135871.0	169599.0	205844.0	245264.0	292271.0	347466.0	406308.0	490233.0	611773.0	815371.0	1243553.0	2952397.0	16705115.0
	15.0	16.0	17.0	18.0	19.0	20.0	21.0	22.0	23.0	24.0	25.0	26.0	27.0	28.0	29.0	30.0	31.0	32.0	33.0	34.0	35.0	36.0	37.0
s12_1	8.0	211.0	818.0	650.0	277.0	273.0	700.0	2157.0	5787.0	12792.0	24620.0	42062.0	64676.0	93460.0	128398.0	171585.0	223556.0	293375.0	390525.0	548532.0	878044.0	2174339.0	13881289.0
	2.0	3.0	4.0	5.0	6.0	7.0	8.0	9.0	10.0	11.0	12.0	13.0	14.0	15.0	16.0	17.0	18.0	19.0	20.0	21.0	22.0	23.0	24.0	25.0	26.0	27.0	28.0	29.0	30.0	31.0	32.0	33.0	34.0	35.0	36.0	37.0
s12_2	966.0	1234.0	1073.0	949.0	1204.0	832.0	1021.0	1534.0	1881.0	772.0	1026.0	790.0	539.0	1270.0	6652.0	11933.0	14193.0	17184.0	20734.0	27031.0	36335.0	50191.0	66942.0	86410.0	109720.0	136814.0	166056.0	200202.0	242324.0	286762.0	352155.0	443678.0	597287.0	920887.0	2218342.0	12911211.0
	15.0	16.0	17.0	18.0	19.0	20.0	21.0	22.0	23.0	24.0	25.0	26.0	27.0	28.0	29.0	30.0	31.0	32.0	33.0	34.0	35.0	36.0	37.0
s13_1	12.0	339.0	1149.0	943.0	381.0	334.0	861.0	2317.0	6090.0	13329.0	25427.0	43336.0	66103.0	94876.0	129914.0	171768.0	223288.0	291653.0	387590.0	540214.0	856707.0	2089607.0	13469794.0
	2.0	3.0	4.0	5.0	6.0	7.0	8.0	9.0	10.0	11.0	12.0	13.0	14.0	15.0	16.0	17.0	18.0	19.0	20.0	21.0	22.0	23.0	24.0	25.0	26.0	27.0	28.0	29.0	30.0	31.0	32.0	33.0	34.0	35.0	36.0	37.0
s13_2	945.0	1165.0	958.0	936.0	1201.0	805.0	1018.0	1493.0	1762.0	710.0	1008.0	759.0	571.0	1019.0	5058.0	12763.0	21907.0	27413.0	30234.0	34187.0	40600.0	51365.0	65343.0	83619.0	103842.0	129945.0	157079.0	191399.0	232561.0	274292.0	337853.0	425108.0	571952.0	880510.0	2124230.0	12600422.0
	16.0	17.0	18.0	19.0	20.0	21.0	22.0	23.0	24.0	25.0	26.0	27.0	28.0	29.0	30.0	31.0	32.0	33.0	34.0	35.0	36.0	37.0
s14_1	87.0	428.0	385.0	210.0	277.0	692.0	1982.0	5191.0	11815.0	23065.0	39621.0	61957.0	89643.0	123481.0	163348.0	215146.0	282000.0	374009.0	528787.0	856223.0	2179262.0	13719059.0
	2.0	3.0	4.0	5.0	6.0	7.0	8.0	9.0	10.0	11.0	12.0	13.0	14.0	15.0	16.0	17.0	18.0	19.0	20.0	21.0	22.0	23.0	24.0	25.0	26.0	27.0	28.0	29.0	30.0	31.0	32.0	33.0	34.0	35.0	36.0	37.0
s14_2	1441.0	1665.0	1815.0	1091.0	1151.0	950.0	681.0	863.0	987.0	610.0	643.0	767.0	566.0	764.0	2409.0	4993.0	8023.0	11633.0	16136.0	22391.0	31880.0	44289.0	60600.0	80752.0	101691.0	126661.0	156063.0	187327.0	224546.0	273737.0	335102.0	423344.0	572292.0	888763.0	2151666.0	12938376.0
	15.0	16.0	17.0	18.0	19.0	20.0	21.0	22.0	23.0	24.0	25.0	26.0	27.0	28.0	29.0	30.0	31.0	32.0	33.0	34.0	35.0	36.0	37.0
s15_1	6.0	113.0	480.0	468.0	211.0	234.0	600.0	1709.0	4569.0	10011.0	19463.0	33017.0	51048.0	73732.0	101070.0	134721.0	175672.0	229492.0	305023.0	428449.0	687629.0	1692781.0	11353304.0
	2.0	3.0	4.0	5.0	6.0	7.0	8.0	9.0	10.0	11.0	12.0	13.0	14.0	15.0	16.0	17.0	18.0	19.0	20.0	21.0	22.0	23.0	24.0	25.0	26.0	27.0	28.0	29.0	30.0	31.0	32.0	33.0	34.0	35.0	36.0	37.0
s15_2	1119.0	1380.0	1520.0	899.0	966.0	786.0	550.0	739.0	800.0	584.0	521.0	630.0	414.0	590.0	1927.0	3841.0	5968.0	8725.0	12475.0	17733.0	25799.0	35720.0	49133.0	65519.0	82193.0	103669.0	128018.0	153600.0	184374.0	225066.0	275998.0	348400.0	472523.0	737692.0	1792846.0	10561085.0
	15.0	16.0	17.0	18.0	19.0	20.0	21.0	22.0	23.0	24.0	25.0	26.0	27.0	28.0	29.0	30.0	31.0	32.0	33.0	34.0	35.0	36.0	37.0
s16_1	11.0	144.0	590.0	542.0	281.0	276.0	722.0	1967.0	5277.0	12197.0	23416.0	39480.0	60583.0	87183.0	118900.0	157761.0	205577.0	267635.0	356586.0	499578.0	796342.0	1957074.0	13100988.0
	2.0	3.0	4.0	5.0	6.0	7.0	8.0	9.0	10.0	11.0	12.0	13.0	14.0	15.0	16.0	17.0	18.0	19.0	20.0	21.0	22.0	23.0	24.0	25.0	26.0	27.0	28.0	29.0	30.0	31.0	32.0	33.0	34.0	35.0	36.0	37.0
s16_2	1400.0	1574.0	1769.0	968.0	1106.0	915.0	613.0	856.0	895.0	639.0	615.0	738.0	555.0	903.0	4020.0	9391.0	14623.0	18452.0	21560.0	26093.0	33948.0	44476.0	58866.0	77017.0	95848.0	120096.0	147252.0	177491.0	213487.0	260042.0	317264.0	400889.0	541298.0	836095.0	2002878.0	12258478.0
	15.0	16.0	17.0	18.0	19.0	20.0	21.0	22.0	23.0	24.0	25.0	26.0	27.0	28.0	29.0	30.0	31.0	32.0	33.0	34.0	35.0	36.0	37.0
s17_1	12.0	143.0	556.0	514.0	250.0	301.0	734.0	2179.0	5668.0	12741.0	24787.0	42233.0	64559.0	93087.0	128356.0	170685.0	223074.0	290358.0	386659.0	542550.0	865586.0	2136263.0	14431820.0
	2.0	3.0	4.0	5.0	6.0	7.0	8.0	9.0	10.0	11.0	12.0	13.0	14.0	15.0	16.0	17.0	18.0	19.0	20.0	21.0	22.0	23.0	24.0	25.0	26.0	27.0	28.0	29.0	30.0	31.0	32.0	33.0	34.0	35.0	36.0	37.0
s17_2	1542.0	1818.0	1866.0	1141.0	1170.0	948.0	688.0	934.0	1039.0	709.0	721.0	789.0	559.0	920.0	3513.0	7548.0	11692.0	15879.0	20452.0	26942.0	38080.0	51451.0	69587.0	91392.0	113259.0	140103.0	172793.0	206362.0	244997.0	296166.0	360474.0	452442.0	608698.0	938187.0	2271459.0	13266795.0
	15.0	16.0	17.0	18.0	19.0	20.0	21.0	22.0	23.0	24.0	25.0	26.0	27.0	28.0	29.0	30.0	31.0	32.0	33.0	34.0	35.0	36.0	37.0
s18_1	6.0	106.0	404.0	394.0	212.0	229.0	520.0	1549.0	3984.0	9065.0	17542.0	29711.0	45911.0	65515.0	90016.0	120116.0	156768.0	203512.0	272500.0	381945.0	611255.0	1501987.0	9485591.0
	2.0	3.0	4.0	5.0	6.0	7.0	8.0	9.0	10.0	11.0	12.0	13.0	14.0	15.0	16.0	17.0	18.0	19.0	20.0	21.0	22.0	23.0	24.0	25.0	26.0	27.0	28.0	29.0	30.0	31.0	32.0	33.0	34.0	35.0	36.0	37.0
s18_2	966.0	1192.0	1310.0	677.0	832.0	714.0	462.0	672.0	729.0	505.0	441.0	551.0	384.0	601.0	2522.0	5425.0	8533.0	11395.0	14677.0	19328.0	26038.0	35938.0	47466.0	62397.0	77054.0	95508.0	116731.0	139970.0	166954.0	201027.0	245474.0	306852.0	415108.0	638751.0	1522796.0	8828858.0
	15.0	16.0	17.0	18.0	19.0	20.0	21.0	22.0	23.0	24.0	25.0	26.0	27.0	28.0	29.0	30.0	31.0	32.0	33.0	34.0	35.0	36.0	37.0
s19_1	6.0	86.0	374.0	324.0	147.0	169.0	472.0	1359.0	3604.0	8390.0	15949.0	26636.0	41226.0	59492.0	80763.0	107082.0	139150.0	181976.0	241459.0	339425.0	543059.0	1333374.0	8663124.0
	2.0	3.0	4.0	5.0	6.0	7.0	8.0	9.0	10.0	11.0	12.0	13.0	14.0	15.0	16.0	17.0	18.0	19.0	20.0	21.0	22.0	23.0	24.0	25.0	26.0	27.0	28.0	29.0	30.0	31.0	32.0	33.0	34.0	35.0	36.0	37.0
s19_2	835.0	1003.0	1101.0	702.0	750.0	601.0	405.0	578.0	575.0	382.0	417.0	443.0	336.0	543.0	1981.0	3568.0	5407.0	7797.0	11118.0	15919.0	22848.0	31040.0	42814.0	56143.0	69949.0	86918.0	106582.0	126726.0	151168.0	181703.0	221717.0	277992.0	374232.0	576811.0	1380728.0	8025814.0
	15.0	16.0	17.0	18.0	19.0	20.0	21.0	22.0	23.0	24.0	25.0	26.0	27.0	28.0	29.0	30.0	31.0	32.0	33.0	34.0	35.0	36.0	37.0
s20_1	4.0	158.0	618.0	547.0	223.0	269.0	672.0	1769.0	4466.0	9598.0	17970.0	30162.0	45652.0	64745.0	87580.0	115131.0	148752.0	192330.0	252961.0	351863.0	556763.0	1341650.0	8546257.0
	2.0	3.0	4.0	5.0	6.0	7.0	8.0	9.0	10.0	11.0	12.0	13.0	14.0	15.0	16.0	17.0	18.0	19.0	20.0	21.0	22.0	23.0	24.0	25.0	26.0	27.0	28.0	29.0	30.0	31.0	32.0	33.0	34.0	35.0	36.0	37.0
s20_2	925.0	1087.0	1152.0	661.0	730.0	630.0	419.0	535.0	586.0	441.0	414.0	525.0	423.0	1041.0	6966.0	21371.0	34674.0	39081.0	38307.0	38318.0	41133.0	46827.0	56199.0	67801.0	80431.0	95943.0	113520.0	132359.0	155340.0	184340.0	223008.0	277080.0	369335.0	565898.0	1358317.0	7814323.0
	14.0	15.0	16.0	17.0	18.0	19.0	20.0	21.0	22.0	23.0	24.0	25.0	26.0	27.0	28.0	29.0	30.0	31.0	32.0	33.0	34.0	35.0	36.0	37.0
s21_1	1.0	11.0	106.0	376.0	361.0	174.0	227.0	559.0	1632.0	4509.0	9985.0	19058.0	31754.0	49627.0	71492.0	98504.0	130508.0	170842.0	222973.0	298437.0	417240.0	667959.0	1652866.0	11237400.0
	2.0	3.0	4.0	5.0	6.0	7.0	8.0	9.0	10.0	11.0	12.0	13.0	14.0	15.0	16.0	17.0	18.0	19.0	20.0	21.0	22.0	23.0	24.0	25.0	26.0	27.0	28.0	29.0	30.0	31.0	32.0	33.0	34.0	35.0	36.0	37.0
s21_2	1168.0	1303.0	1515.0	771.0	960.0	745.0	551.0	726.0	730.0	511.0	532.0	639.0	458.0	630.0	2613.0	5216.0	7998.0	10889.0	14541.0	19868.0	27483.0	37798.0	50968.0	68175.0	84708.0	104903.0	129027.0	154579.0	184726.0	223238.0	271665.0	341206.0	460709.0	710609.0	1709603.0	10454840.0
	15.0	16.0	17.0	18.0	19.0	20.0	21.0	22.0	23.0	24.0	25.0	26.0	27.0	28.0	29.0	30.0	31.0	32.0	33.0	34.0	35.0	36.0	37.0
s22_1	5.0	153.0	575.0	568.0	274.0	310.0	688.0	1864.0	4714.0	10672.0	20302.0	34850.0	53658.0	77267.0	105981.0	141944.0	185946.0	242771.0	325067.0	456267.0	729453.0	1786173.0	11847633.0
	2.0	3.0	4.0	5.0	6.0	7.0	8.0	9.0	10.0	11.0	12.0	13.0	14.0	15.0	16.0	17.0	18.0	19.0	20.0	21.0	22.0	23.0	24.0	25.0	26.0	27.0	28.0	29.0	30.0	31.0	32.0	33.0	34.0	35.0	36.0	37.0
s22_2	1248.0	1396.0	1547.0	866.0	1021.0	742.0	572.0	758.0	794.0	597.0	544.0	627.0	491.0	699.0	2364.0	4536.0	7069.0	10976.0	17261.0	26385.0	38757.0	53487.0	72031.0	93497.0	114490.0	139168.0	166703.0	196915.0	230889.0	275698.0	331605.0	414823.0	558531.0	868657.0	2078300.0	10313091.0
	15.0	16.0	17.0	18.0	19.0	20.0	21.0	22.0	23.0	24.0	25.0	26.0	27.0	28.0	29.0	30.0	31.0	32.0	33.0	34.0	35.0	36.0	37.0
s23_1	3.0	121.0	424.0	423.0	213.0	250.0	681.0	2188.0	5532.0	12702.0	25034.0	42699.0	65892.0	94748.0	129540.0	173502.0	226705.0	296733.0	395326.0	554616.0	885563.0	2163875.0	13897781.0
	2.0	3.0	4.0	5.0	6.0	7.0	8.0	9.0	10.0	11.0	12.0	13.0	14.0	15.0	16.0	17.0	18.0	19.0	20.0	21.0	22.0	23.0	24.0	25.0	26.0	27.0	28.0	29.0	30.0	31.0	32.0	33.0	34.0	35.0	36.0	37.0
s23_2	1483.0	1661.0	1859.0	1051.0	1166.0	958.0	696.0	871.0	996.0	672.0	655.0	794.0	564.0	756.0	2287.0	4600.0	7157.0	10763.0	15950.0	23583.0	35436.0	49507.0	67732.0	90431.0	112248.0	140225.0	172074.0	205704.0	244335.0	294581.0	359415.0	451093.0	603814.0	928761.0	2189453.0	12951220.0
	15.0	16.0	17.0	18.0	19.0	20.0	21.0	22.0	23.0	24.0	25.0	26.0	27.0	28.0	29.0	30.0	31.0	32.0	33.0	34.0	35.0	36.0	37.0
s24_1	6.0	141.0	552.0	496.0	225.0	285.0	752.0	2186.0	5698.0	12966.0	25207.0	42794.0	65856.0	94612.0	129307.0	171558.0	223677.0	291992.0	387166.0	540585.0	863925.0	2127258.0	14879805.0
	2.0	3.0	4.0	5.0	6.0	7.0	8.0	9.0	10.0	11.0	12.0	13.0	14.0	15.0	16.0	17.0	18.0	19.0	20.0	21.0	22.0	23.0	24.0	25.0	26.0	27.0	28.0	29.0	30.0	31.0	32.0	33.0	34.0	35.0	36.0	37.0
s24_2	1483.0	1785.0	1919.0	1104.0	1335.0	988.0	693.0	982.0	1015.0	740.0	700.0	822.0	585.0	740.0	2591.0	5370.0	8849.0	13436.0	19522.0	27326.0	38711.0	53266.0	71862.0	94568.0	117218.0	144251.0	176367.0	209891.0	248384.0	300174.0	363439.0	455856.0	609181.0	937167.0	2253323.0	13701406.0
	15.0	16.0	17.0	18.0	19.0	20.0	21.0	22.0	23.0	24.0	25.0	26.0	27.0	28.0	29.0	30.0	31.0	32.0	33.0	34.0	35.0	36.0	37.0
s25_1	2.0	125.0	547.0	496.0	261.0	286.0	779.0	2089.0	5644.0	12658.0	24070.0	40592.0	62918.0	90285.0	124158.0	164828.0	215521.0	282157.0	374215.0	523724.0	837015.0	2054399.0	13624116.0
	2.0	3.0	4.0	5.0	6.0	7.0	8.0	9.0	10.0	11.0	12.0	13.0	14.0	15.0	16.0	17.0	18.0	19.0	20.0	21.0	22.0	23.0	24.0	25.0	26.0	27.0	28.0	29.0	30.0	31.0	32.0	33.0	34.0	35.0	36.0	37.0
s25_2	1412.0	1692.0	1805.0	1093.0	1121.0	960.0	668.0	897.0	948.0	682.0	656.0	750.0	559.0	750.0	2780.0	5183.0	7649.0	11354.0	17054.0	24736.0	36144.0	50196.0	68252.0	89907.0	111988.0	138380.0	168489.0	200243.0	237929.0	286526.0	347877.0	435655.0	584403.0	899550.0	2137988.0	12564609.0
	15.0	16.0	17.0	18.0	19.0	20.0	21.0	22.0	23.0	24.0	25.0	26.0	27.0	28.0	29.0	30.0	31.0	32.0	33.0	34.0	35.0	36.0	37.0
s26_1	10.0	178.0	714.0	597.0	318.0	319.0	819.0	2449.0	6571.0	14891.0	28508.0	48197.0	75048.0	107940.0	147427.0	195093.0	254584.0	331026.0	440637.0	611059.0	962913.0	2343772.0	16725406.0
	2.0	3.0	4.0	5.0	6.0	7.0	8.0	9.0	10.0	11.0	12.0	13.0	14.0	15.0	16.0	17.0	18.0	19.0	20.0	21.0	22.0	23.0	24.0	25.0	26.0	27.0	28.0	29.0	30.0	31.0	32.0	33.0	34.0	35.0	36.0	37.0
s26_2	1757.0	1985.0	2225.0	1278.0	1342.0	1140.0	805.0	1062.0	1097.0	842.0	806.0	917.0	697.0	1150.0	5056.0	12610.0	21324.0	26968.0	31486.0	39242.0	51853.0	68714.0	89689.0	115215.0	141170.0	172390.0	207091.0	245080.0	289412.0	345288.0	417543.0	516749.0	689867.0	1052061.0	2479849.0	15262716.0
	15.0	16.0	17.0	18.0	19.0	20.0	21.0	22.0	23.0	24.0	25.0	26.0	27.0	28.0	29.0	30.0	31.0	32.0	33.0	34.0	35.0	36.0	37.0
s27_1	8.0	109.0	437.0	429.0	222.0	228.0	652.0	1865.0	4907.0	10633.0	20394.0	34594.0	53002.0	76039.0	103209.0	136472.0	177015.0	230125.0	306654.0	430501.0	690482.0	1699453.0	11027496.0
	2.0	3.0	4.0	5.0	6.0	7.0	8.0	9.0	10.0	11.0	12.0	13.0	14.0	15.0	16.0	17.0	18.0	19.0	20.0	21.0	22.0	23.0	24.0	25.0	26.0	27.0	28.0	29.0	30.0	31.0	32.0	33.0	34.0	35.0	36.0	37.0
s27_2	1122.0	1263.0	1482.0	810.0	1003.0	749.0	557.0	717.0	767.0	555.0	537.0	599.0	475.0	927.0	4873.0	10251.0	14410.0	17975.0	21293.0	24860.0	32189.0	41161.0	53640.0	69802.0	86196.0	106137.0	130011.0	154663.0	184423.0	223269.0	272944.0	342793.0	462881.0	714796.0	1716449.0	10308347.0
	15.0	16.0	17.0	18.0	19.0	20.0	21.0	22.0	23.0	24.0	25.0	26.0	27.0	28.0	29.0	30.0	31.0	32.0	33.0	34.0	35.0	36.0	37.0
s28_1	5.0	176.0	737.0	671.0	355.0	335.0	866.0	2392.0	6323.0	14129.0	26215.0	44595.0	68438.0	97774.0	133485.0	177242.0	231301.0	300647.0	398590.0	558892.0	885814.0	2169857.0	15055198.0
	2.0	3.0	4.0	5.0	6.0	7.0	8.0	9.0	10.0	11.0	12.0	13.0	14.0	15.0	16.0	17.0	18.0	19.0	20.0	21.0	22.0	23.0	24.0	25.0	26.0	27.0	28.0	29.0	30.0	31.0	32.0	33.0	34.0	35.0	36.0	37.0
s28_2	1482.0	1764.0	1911.0	1145.0	1298.0	1043.0	759.0	927.0	1029.0	752.0	709.0	848.0	635.0	918.0	3537.0	8566.0	14777.0	19543.0	23075.0	27860.0	36560.0	47945.0	64163.0	84518.0	104442.0	130484.0	161094.0	193845.0	232010.0	283993.0	346844.0	436614.0	589237.0	912155.0	2208479.0	14229076.0
	15.0	16.0	17.0	18.0	19.0	20.0	21.0	22.0	23.0	24.0	25.0	26.0	27.0	28.0	29.0	30.0	31.0	32.0	33.0	34.0	35.0	36.0	37.0
s29_1	4.0	77.0	282.0	314.0	202.0	244.0	644.0	1822.0	4934.0	11329.0	22931.0	39315.0	61347.0	88261.0	121874.0	162290.0	213833.0	280205.0	376099.0	535475.0	881703.0	2314989.0	16190197.0
	2.0	3.0	4.0	5.0	6.0	7.0	8.0	9.0	10.0	11.0	12.0	13.0	14.0	15.0	16.0	17.0	18.0	19.0	20.0	21.0	22.0	23.0	24.0	25.0	26.0	27.0	28.0	29.0	30.0	31.0	32.0	33.0	34.0	35.0	36.0	37.0
s29_2	1594.0	1646.0	1391.0	1259.0	963.0	1406.0	1032.0	1065.0	904.0	716.0	651.0	438.0	390.0	811.0	2886.0	6297.0	10925.0	15862.0	20544.0	26519.0	34262.0	45115.0	60384.0	78178.0	99674.0	123622.0	153893.0	186667.0	225229.0	277252.0	342125.0	430465.0	588582.0	933793.0	2468581.0	15163250.0
	15.0	16.0	17.0	18.0	19.0	20.0	21.0	22.0	23.0	24.0	25.0	26.0	27.0	28.0	29.0	30.0	31.0	32.0	33.0	34.0	35.0	36.0	37.0
s30_1	3.0	78.0	284.0	373.0	169.0	239.0	525.0	1654.0	4393.0	10174.0	19695.0	33980.0	53308.0	76786.0	106454.0	142260.0	187286.0	245276.0	329385.0	466406.0	758618.0	1917221.0	14421339.0
	2.0	3.0	4.0	5.0	6.0	7.0	8.0	9.0	10.0	11.0	12.0	13.0	14.0	15.0	16.0	17.0	18.0	19.0	20.0	21.0	22.0	23.0	24.0	25.0	26.0	27.0	28.0	29.0	30.0	31.0	32.0	33.0	34.0	35.0	36.0	37.0
s30_2	1353.0	1411.0	1271.0	1017.0	825.0	1226.0	931.0	952.0	724.0	640.0	599.0	406.0	323.0	713.0	2447.0	5598.0	9347.0	13362.0	17912.0	23049.0	30589.0	40105.0	54192.0	69716.0	89020.0	110179.0	136831.0	165165.0	200839.0	246439.0	304505.0	381652.0	522455.0	830752.0	2204619.0	13304742.0
	15.0	16.0	17.0	18.0	19.0	20.0	21.0	22.0	23.0	24.0	25.0	26.0	27.0	28.0	29.0	30.0	31.0	32.0	33.0	34.0	35.0	36.0	37.0
s31_1	2.0	69.0	308.0	333.0	141.0	216.0	578.0	1682.0	4575.0	10674.0	20654.0	35610.0	55731.0	80483.0	111357.0	148291.0	194519.0	254842.0	342433.0	484144.0	786811.0	2001471.0	15146311.0
	2.0	3.0	4.0	5.0	6.0	7.0	8.0	9.0	10.0	11.0	12.0	13.0	14.0	15.0	16.0	17.0	18.0	19.0	20.0	21.0	22.0	23.0	24.0	25.0	26.0	27.0	28.0	29.0	30.0	31.0	32.0	33.0	34.0	35.0	36.0	37.0
s31_2	1396.0	1483.0	1243.0	1137.0	949.0	1335.0	881.0	1039.0	807.0	637.0	585.0	453.0	331.0	773.0	3114.0	6370.0	10650.0	15635.0	20628.0	26766.0	35144.0	46160.0	60886.0	78271.0	98207.0	122325.0	150244.0	179362.0	216342.0	263824.0	323811.0	402712.0	547250.0	862677.0	2258472.0	13939336.0
	15.0	16.0	17.0	18.0	19.0	20.0	21.0	22.0	23.0	24.0	25.0	26.0	27.0	28.0	29.0	30.0	31.0	32.0	33.0	34.0	35.0	36.0	37.0
s32_1	6.0	172.0	806.0	773.0	331.0	426.0	1079.0	3070.0	7491.0	15856.0	28760.0	47127.0	70197.0	99113.0	133194.0	173669.0	223261.0	288626.0	378842.0	529355.0	846213.0	2047992.0	13955589.0
	2.0	3.0	4.0	5.0	6.0	7.0	8.0	9.0	10.0	11.0	12.0	13.0	14.0	15.0	16.0	17.0	18.0	19.0	20.0	21.0	22.0	23.0	24.0	25.0	26.0	27.0	28.0	29.0	30.0	31.0	32.0	33.0	34.0	35.0	36.0	37.0
s32_2	1411.0	1500.0	1313.0	1081.0	933.0	1229.0	923.0	944.0	749.0	647.0	651.0	413.0	438.0	1989.0	13622.0	42636.0	73880.0	88064.0	89285.0	86195.0	86778.0	91050.0	100626.0	113514.0	129736.0	150017.0	174893.0	200111.0	233075.0	276240.0	329702.0	404612.0	540000.0	840701.0	2169664.0	12603326.0
	15.0	16.0	17.0	18.0	19.0	20.0	21.0	22.0	23.0	24.0	25.0	26.0	27.0	28.0	29.0	30.0	31.0	32.0	33.0	34.0	35.0	36.0	37.0
s33_1	6.0	100.0	379.0	360.0	189.0	232.0	637.0	2015.0	5263.0	11834.0	22833.0	39023.0	60957.0	88396.0	121168.0	161636.0	213789.0	280127.0	374466.0	533255.0	865741.0	2196138.0	15931150.0
	2.0	3.0	4.0	5.0	6.0	7.0	8.0	9.0	10.0	11.0	12.0	13.0	14.0	15.0	16.0	17.0	18.0	19.0	20.0	21.0	22.0	23.0	24.0	25.0	26.0	27.0	28.0	29.0	30.0	31.0	32.0	33.0	34.0	35.0	36.0	37.0
s33_2	1536.0	1543.0	1402.0	1176.0	962.0	1376.0	1050.0	1070.0	844.0	714.0	659.0	457.0	362.0	892.0	3540.0	7433.0	12290.0	17396.0	22380.0	29364.0	39066.0	50813.0	67239.0	86725.0	108235.0	133136.0	164253.0	195681.0	235005.0	285443.0	349715.0	437170.0	593690.0	939328.0	2439409.0	14678340.0
	15.0	16.0	17.0	18.0	19.0	20.0	21.0	22.0	23.0	24.0	25.0	26.0	27.0	28.0	29.0	30.0	31.0	32.0	33.0	34.0	35.0	36.0	37.0
s34_1	6.0	82.0	471.0	508.0	272.0	322.0	795.0	2118.0	5468.0	11748.0	23479.0	39748.0	61541.0	89854.0	124053.0	166373.0	219315.0	289591.0	387336.0	549420.0	891061.0	2219756.0	15964804.0
	2.0	3.0	4.0	5.0	6.0	7.0	8.0	9.0	10.0	11.0	12.0	13.0	14.0	15.0	16.0	17.0	18.0	19.0	20.0	21.0	22.0	23.0	24.0	25.0	26.0	27.0	28.0	29.0	30.0	31.0	32.0	33.0	34.0	35.0	36.0	37.0
s34_2	1543.0	1611.0	1417.0	1175.0	973.0	1386.0	1020.0	1073.0	848.0	717.0	612.0	460.0	375.0	836.0	2647.0	5297.0	8584.0	13899.0	20956.0	30823.0	44040.0	61101.0	80903.0	104703.0	130660.0	159170.0	193100.0	227848.0	271367.0	326589.0	399480.0	499245.0	680717.0	1084616.0	2789041.0	13899289.0
	15.0	16.0	17.0	18.0	19.0	20.0	21.0	22.0	23.0	24.0	25.0	26.0	27.0	28.0	29.0	30.0	31.0	32.0	33.0	34.0	35.0	36.0	37.0
s35_1	4.0	96.0	323.0	366.0	173.0	202.0	615.0	1846.0	4594.0	10648.0	20625.0	35793.0	54971.0	79564.0	109593.0	146039.0	191418.0	250776.0	338026.0	477982.0	774642.0	1932239.0	13629779.0
	2.0	3.0	4.0	5.0	6.0	7.0	8.0	9.0	10.0	11.0	12.0	13.0	14.0	15.0	16.0	17.0	18.0	19.0	20.0	21.0	22.0	23.0	24.0	25.0	26.0	27.0	28.0	29.0	30.0	31.0	32.0	33.0	34.0	35.0	36.0	37.0
s35_2	1340.0	1382.0	1302.0	1001.0	822.0	1246.0	838.0	987.0	765.0	608.0	549.0	395.0	353.0	735.0	2607.0	5997.0	10627.0	15279.0	19818.0	25787.0	33913.0	43985.0	58403.0	74167.0	92956.0	115629.0	140761.0	169781.0	204189.0	248822.0	306113.0	382957.0	519671.0	818095.0	2109464.0	12648970.0
	15.0	16.0	17.0	18.0	19.0	20.0	21.0	22.0	23.0	24.0	25.0	26.0	27.0	28.0	29.0	30.0	31.0	32.0	33.0	34.0	35.0	36.0	37.0
s36_1	3.0	101.0	403.0	363.0	232.0	257.0	725.0	2231.0	5574.0	12668.0	24117.0	41085.0	63133.0	90841.0	124318.0	166543.0	217387.0	285108.0	381798.0	541886.0	879431.0	2230399.0	16973466.0
	2.0	3.0	4.0	5.0	6.0	7.0	8.0	9.0	10.0	11.0	12.0	13.0	14.0	15.0	16.0	17.0	18.0	19.0	20.0	21.0	22.0	23.0	24.0	25.0	26.0	27.0	28.0	29.0	30.0	31.0	32.0	33.0	34.0	35.0	36.0	37.0
s36_2	1611.0	1705.0	1470.0	1211.0	1001.0	1499.0	1055.0	1110.0	904.0	678.0	694.0	461.0	366.0	744.0	2568.0	5977.0	11015.0	17243.0	24493.0	32835.0	43642.0	57374.0	75275.0	95264.0	118246.0	144687.0	175125.0	208951.0	250706.0	302879.0	368535.0	457602.0	620947.0	979549.0	2559795.0	15474852.0
	15.0	16.0	17.0	18.0	19.0	20.0	21.0	22.0	23.0	24.0	25.0	26.0	27.0	28.0	29.0	30.0	31.0	32.0	33.0	34.0	35.0	36.0	37.0
s37_1	4.0	94.0	448.0	399.0	214.0	271.0	693.0	2068.0	5560.0	12587.0	24022.0	40915.0	64086.0	92337.0	126972.0	168795.0	222075.0	291320.0	390639.0	554109.0	896926.0	2265387.0	16891866.0
	2.0	3.0	4.0	5.0	6.0	7.0	8.0	9.0	10.0	11.0	12.0	13.0	14.0	15.0	16.0	17.0	18.0	19.0	20.0	21.0	22.0	23.0	24.0	25.0	26.0	27.0	28.0	29.0	30.0	31.0	32.0	33.0	34.0	35.0	36.0	37.0
s37_2	1575.0	1642.0	1540.0	1124.0	1022.0	1456.0	1088.0	1175.0	900.0	774.0	703.0	481.0	391.0	872.0	3199.0	6582.0	11008.0	16641.0	22665.0	30650.0	41127.0	54705.0	72142.0	93134.0	116196.0	142665.0	174010.0	208197.0	249621.0	302784.0	370871.0	461408.0	626010.0	986670.0	2575535.0	15471224.0
	14.0	15.0	16.0	17.0	18.0	19.0	20.0	21.0	22.0	23.0	24.0	25.0	26.0	27.0	28.0	29.0	30.0	31.0	32.0	33.0	34.0	35.0	36.0	37.0
s38_1	1.0	1.0	139.0	479.0	406.0	231.0	262.0	639.0	1947.0	4822.0	11063.0	21328.0	36530.0	55910.0	80508.0	110034.0	145825.0	190030.0	248579.0	331048.0	466583.0	751512.0	1887689.0	14030270.0
	2.0	3.0	4.0	5.0	6.0	7.0	8.0	9.0	10.0	11.0	12.0	13.0	14.0	15.0	16.0	17.0	18.0	19.0	20.0	21.0	22.0	23.0	24.0	25.0	26.0	27.0	28.0	29.0	30.0	31.0	32.0	33.0	34.0	35.0	36.0	37.0
s38_2	1317.0	1401.0	1276.0	1107.0	863.0	1185.0	928.0	943.0	763.0	645.0	554.0	400.0	363.0	1026.0	4986.0	13363.0	23934.0	32477.0	37956.0	43330.0	51096.0	60764.0	75349.0	92191.0	111360.0	133377.0	159436.0	186400.0	221100.0	264748.0	320083.0	396394.0	532545.0	836033.0	2144113.0	12622030.0
	15.0	16.0	17.0	18.0	19.0	20.0	21.0	22.0	23.0	24.0	25.0	26.0	27.0	28.0	29.0	30.0	31.0	32.0	33.0	34.0	35.0	36.0	37.0
s39_1	5.0	79.0	356.0	309.0	147.0	205.0	593.0	1645.0	4251.0	9716.0	18913.0	32026.0	49237.0	70151.0	96052.0	127605.0	166445.0	218448.0	292568.0	415533.0	675748.0	1713162.0	12189727.0
	2.0	3.0	4.0	5.0	6.0	7.0	8.0	9.0	10.0	11.0	12.0	13.0	14.0	15.0	16.0	17.0	18.0	19.0	20.0	21.0	22.0	23.0	24.0	25.0	26.0	27.0	28.0	29.0	30.0	31.0	32.0	33.0	34.0	35.0	36.0	37.0
s39_2	1163.0	1220.0	1093.0	961.0	816.0	1104.0	773.0	834.0	668.0	552.0	502.0	324.0	280.0	1221.0	6165.0	11996.0	16823.0	20997.0	24215.0	27875.0	33291.0	41043.0	52572.0	66328.0	81784.0	100423.0	123742.0	147608.0	177069.0	216086.0	265682.0	332454.0	452902.0	716756.0	1871245.0	11284354.0
	15.0	16.0	17.0	18.0	19.0	20.0	21.0	22.0	23.0	24.0	25.0	26.0	27.0	28.0	29.0	30.0	31.0	32.0	33.0	34.0	35.0	36.0	37.0
s40_1	5.0	108.0	430.0	461.0	240.0	294.0	731.0	1875.0	4971.0	10862.0	20880.0	35161.0	54731.0	77866.0	106903.0	142794.0	185452.0	242808.0	325799.0	462084.0	752054.0	1907053.0	13875304.0
	2.0	3.0	4.0	5.0	6.0	7.0	8.0	9.0	10.0	11.0	12.0	13.0	14.0	15.0	16.0	17.0	18.0	19.0	20.0	21.0	22.0	23.0	24.0	25.0	26.0	27.0	28.0	29.0	30.0	31.0	32.0	33.0	34.0	35.0	36.0	37.0
s40_2	1411.0	1354.0	1272.0	1030.0	844.0	1220.0	857.0	952.0	745.0	628.0	550.0	424.0	354.0	772.0	2819.0	6988.0	12026.0	17239.0	21674.0	26790.0	33412.0	42570.0	56118.0	71053.0	88865.0	109777.0	135523.0	162016.0	194629.0	238966.0	292049.0	366718.0	499447.0	793803.0	2098103.0	12925868.0
	15.0	16.0	17.0	18.0	19.0	20.0	21.0	22.0	23.0	24.0	25.0	26.0	27.0	28.0	29.0	30.0	31.0	32.0	33.0	34.0	35.0	36.0	37.0
s41_1	1.0	60.0	269.0	311.0	175.0	247.0	723.0	2464.0	7248.0	16869.0	33259.0	57183.0	88287.0	127711.0	175145.0	232715.0	302953.0	396035.0	528356.0	743090.0	1191773.0	2975331.0	17862237.0
	2.0	3.0	4.0	5.0	6.0	7.0	8.0	9.0	10.0	11.0	12.0	13.0	14.0	15.0	16.0	17.0	18.0	19.0	20.0	21.0	22.0	23.0	24.0	25.0	26.0	27.0	28.0	29.0	30.0	31.0	32.0	33.0	34.0	35.0	36.0	37.0
s41_2	2360.0	933.0	1191.0	1264.0	1263.0	1120.0	1322.0	1701.0	825.0	584.0	636.0	586.0	708.0	930.0	3121.0	6978.0	11648.0	16195.0	22657.0	31534.0	45550.0	63862.0	86305.0	114591.0	146629.0	182147.0	222818.0	268389.0	324069.0	395012.0	477317.0	599067.0	812244.0	1253045.0	3049748.0	16594093.0
	15.0	16.0	17.0	18.0	19.0	20.0	21.0	22.0	23.0	24.0	25.0	26.0	27.0	28.0	29.0	30.0	31.0	32.0	33.0	34.0	35.0	36.0	37.0
s42_1	4.0	96.0	353.0	357.0	202.0	267.0	850.0	2836.0	7766.0	17697.0	34541.0	58824.0	90835.0	131842.0	180836.0	240493.0	314572.0	408792.0	544292.0	762150.0	1217400.0	2963229.0	18012163.0
	2.0	3.0	4.0	5.0	6.0	7.0	8.0	9.0	10.0	11.0	12.0	13.0	14.0	15.0	16.0	17.0	18.0	19.0	20.0	21.0	22.0	23.0	24.0	25.0	26.0	27.0	28.0	29.0	30.0	31.0	32.0	33.0	34.0	35.0	36.0	37.0
s42_2	2294.0	1005.0	1159.0	1184.0	1195.0	1105.0	1346.0	1796.0	829.0	576.0	610.0	564.0	667.0	956.0	2961.0	6386.0	10456.0	15192.0	21741.0	32108.0	47142.0	67415.0	90684.0	119700.0	152506.0	189311.0	233660.0	280806.0	337905.0	411748.0	496186.0	621724.0	845122.0	1305744.0	3177031.0	16509583.0
	15.0	16.0	17.0	18.0	19.0	20.0	21.0	22.0	23.0	24.0	25.0	26.0	27.0	28.0	29.0	30.0	31.0	32.0	33.0	34.0	35.0	36.0	37.0
s43_1	5.0	82.0	345.0	414.0	225.0	246.0	853.0	2779.0	7551.0	17546.0	34645.0	58554.0	91608.0	130989.0	179176.0	238546.0	310038.0	404710.0	537363.0	752616.0	1198870.0	2925339.0	18471047.0
	2.0	3.0	4.0	5.0	6.0	7.0	8.0	9.0	10.0	11.0	12.0	13.0	14.0	15.0	16.0	17.0	18.0	19.0	20.0	21.0	22.0	23.0	24.0	25.0	26.0	27.0	28.0	29.0	30.0	31.0	32.0	33.0	34.0	35.0	36.0	37.0
s43_2	2429.0	1023.0	1170.0	1177.0	1219.0	1146.0	1332.0	1759.0	842.0	635.0	615.0	609.0	746.0	1118.0	4072.0	10030.0	17464.0	23906.0	30514.0	40484.0	55259.0	74775.0	97970.0	127233.0	159901.0	196545.0	238941.0	284695.0	340616.0	412230.0	494694.0	616750.0	832204.0	1278071.0	3092090.0	16919283.0
	15.0	16.0	17.0	18.0	19.0	20.0	21.0	22.0	23.0	24.0	25.0	26.0	27.0	28.0	29.0	30.0	31.0	32.0	33.0	34.0	35.0	36.0	37.0
s44_1	2.0	157.0	631.0	676.0	311.0	333.0	1026.0	3077.0	8039.0	17967.0	33792.0	56335.0	84999.0	120680.0	162573.0	214418.0	275000.0	354385.0	467096.0	645681.0	1018155.0	2424413.0	14806464.0
	2.0	3.0	4.0	5.0	6.0	7.0	8.0	9.0	10.0	11.0	12.0	13.0	14.0	15.0	16.0	17.0	18.0	19.0	20.0	21.0	22.0	23.0	24.0	25.0	26.0	27.0	28.0	29.0	30.0	31.0	32.0	33.0	34.0	35.0	36.0	37.0
s44_2	2081.0	819.0	939.0	1008.0	1040.0	1002.0	1176.0	1388.0	684.0	548.0	565.0	563.0	758.0	2639.0	17646.0	54673.0	90745.0	104820.0	100236.0	93005.0	93021.0	99470.0	112767.0	131940.0	155555.0	180360.0	212862.0	247999.0	292208.0	346788.0	411406.0	508744.0	681494.0	1045112.0	2513314.0	13186835.0
	15.0	16.0	17.0	18.0	19.0	20.0	21.0	22.0	23.0	24.0	25.0	26.0	27.0	28.0	29.0	30.0	31.0	32.0	33.0	34.0	35.0	36.0	37.0
s45_1	6.0	61.0	313.0	317.0	170.0	224.0	768.0	2724.0	7333.0	17345.0	34055.0	58154.0	89569.0	130466.0	178433.0	237951.0	312026.0	405633.0	539510.0	753308.0	1196183.0	2880534.0	17642470.0
	2.0	3.0	4.0	5.0	6.0	7.0	8.0	9.0	10.0	11.0	12.0	13.0	14.0	15.0	16.0	17.0	18.0	19.0	20.0	21.0	22.0	23.0	24.0	25.0	26.0	27.0	28.0	29.0	30.0	31.0	32.0	33.0	34.0	35.0	36.0	37.0
s45_2	2288.0	966.0	1180.0	1105.0	1158.0	1112.0	1278.0	1718.0	801.0	547.0	600.0	563.0	669.0	972.0	3234.0	7923.0	13919.0	19462.0	25540.0	35575.0	50831.0	70436.0	94549.0	123507.0	156530.0	192302.0	234627.0	280830.0	338091.0	407790.0	490631.0	609396.0	823303.0	1255566.0	2982657.0	16255897.0
	15.0	16.0	17.0	18.0	19.0	20.0	21.0	22.0	23.0	24.0	25.0	26.0	27.0	28.0	29.0	30.0	31.0	32.0	33.0	34.0	35.0	36.0	37.0
s46_1	2.0	117.0	434.0	503.0	232.0	317.0	945.0	3242.0	8824.0	19873.0	38457.0	64735.0	98639.0	141035.0	192082.0	253926.0	330822.0	429372.0	568158.0	795939.0	1262822.0	3070202.0	19006080.0
	2.0	3.0	4.0	5.0	6.0	7.0	8.0	9.0	10.0	11.0	12.0	13.0	14.0	15.0	16.0	17.0	18.0	19.0	20.0	21.0	22.0	23.0	24.0	25.0	26.0	27.0	28.0	29.0	30.0	31.0	32.0	33.0	34.0	35.0	36.0	37.0
s46_2	2600.0	974.0	1197.0	1310.0	1311.0	1197.0	1493.0	1779.0	873.0	660.0	672.0	661.0	782.0	1184.0	4468.0	11108.0	19518.0	27825.0	36283.0	48326.0	65506.0	87795.0	114121.0	145427.0	180147.0	218605.0	262710.0	310262.0	369471.0	443680.0	529419.0	659377.0	888644.0	1361036.0	3268809.0	17217528.0
	15.0	16.0	17.0	18.0	19.0	20.0	21.0	22.0	23.0	24.0	25.0	26.0	27.0	28.0	29.0	30.0	31.0	32.0	33.0	34.0	35.0	36.0	37.0
s47_1	6.0	101.0	430.0	497.0	287.0	290.0	859.0	3065.0	8465.0	19708.0	38255.0	66052.0	102042.0	147374.0	202656.0	268476.0	351223.0	458767.0	608061.0	851896.0	1349557.0	3289248.0	21193746.0
	2.0	3.0	4.0	5.0	6.0	7.0	8.0	9.0	10.0	11.0	12.0	13.0	14.0	15.0	16.0	17.0	18.0	19.0	20.0	21.0	22.0	23.0	24.0	25.0	26.0	27.0	28.0	29.0	30.0	31.0	32.0	33.0	34.0	35.0	36.0	37.0
s47_2	2786.0	1121.0	1364.0	1345.0	1432.0	1249.0	1581.0	2081.0	918.0	674.0	746.0	681.0	801.0	1122.0	3869.0	8931.0	15079.0	21742.0	29554.0	42334.0	60963.0	83965.0	113026.0	146740.0	184910.0	225669.0	275105.0	327326.0	392515.0	474671.0	569298.0	707231.0	952569.0	1462634.0	3529544.0	19315485.0
	15.0	16.0	17.0	18.0	19.0	20.0	21.0	22.0	23.0	24.0	25.0	26.0	27.0	28.0	29.0	30.0	31.0	32.0	33.0	34.0	35.0	36.0	37.0
s48_1	5.0	121.0	490.0	447.0	237.0	259.0	921.0	3050.0	8287.0	19524.0	38234.0	64866.0	100720.0	144590.0	199131.0	261922.0	340501.0	443995.0	585883.0	814199.0	1286970.0	3125182.0	20356364.0
	2.0	3.0	4.0	5.0	6.0	7.0	8.0	9.0	10.0	11.0	12.0	13.0	14.0	15.0	16.0	17.0	18.0	19.0	20.0	21.0	22.0	23.0	24.0	25.0	26.0	27.0	28.0	29.0	30.0	31.0	32.0	33.0	34.0	35.0	36.0	37.0
s48_2	2735.0	1031.0	1302.0	1309.0	1360.0	1264.0	1541.0	1957.0	929.0	682.0	721.0	667.0	815.0	1632.0	8226.0	23579.0	40389.0	49807.0	54844.0	63404.0	78163.0	99539.0	126580.0	158293.0	194704.0	234426.0	279733.0	328780.0	389222.0	467166.0	555909.0	686497.0	918872.0	1395026.0	3339689.0	18285105.0
	15.0	16.0	17.0	18.0	19.0	20.0	21.0	22.0	23.0	24.0	25.0	26.0	27.0	28.0	29.0	30.0	31.0	32.0	33.0	34.0	35.0	36.0	37.0
s49_1	3.0	97.0	432.0	417.0	235.0	239.0	885.0	3179.0	8856.0	19986.0	38506.0	65912.0	102090.0	147761.0	201511.0	267544.0	348589.0	455715.0	606407.0	849330.0	1352406.0	3306309.0	20321478.0
	2.0	3.0	4.0	5.0	6.0	7.0	8.0	9.0	10.0	11.0	12.0	13.0	14.0	15.0	16.0	17.0	18.0	19.0	20.0	21.0	22.0	23.0	24.0	25.0	26.0	27.0	28.0	29.0	30.0	31.0	32.0	33.0	34.0	35.0	36.0	37.0
s49_2	2669.0	1160.0	1354.0	1366.0	1397.0	1262.0	1604.0	1963.0	927.0	697.0	748.0	633.0	869.0	2792.0	16076.0	26494.0	27140.0	29408.0	34027.0	42918.0	58040.0	78397.0	104154.0	135534.0	172857.0	213131.0	259966.0	312219.0	374080.0	454868.0	545320.0	681536.0	922023.0	1419701.0	3422188.0	18748369.0
	15.0	16.0	17.0	18.0	19.0	20.0	21.0	22.0	23.0	24.0	25.0	26.0	27.0	28.0	29.0	30.0	31.0	32.0	33.0	34.0	35.0	36.0	37.0
s50_1	6.0	139.0	606.0	651.0	315.0	367.0	1117.0	3506.0	9491.0	21044.0	40339.0	68004.0	104778.0	149071.0	203734.0	270069.0	351577.0	457724.0	609130.0	852197.0	1361487.0	3331081.0	20368255.0
	2.0	3.0	4.0	5.0	6.0	7.0	8.0	9.0	10.0	11.0	12.0	13.0	14.0	15.0	16.0	17.0	18.0	19.0	20.0	21.0	22.0	23.0	24.0	25.0	26.0	27.0	28.0	29.0	30.0	31.0	32.0	33.0	34.0	35.0	36.0	37.0
s50_2	2708.0	1128.0	1402.0	1316.0	1313.0	1267.0	1549.0	1878.0	958.0	686.0	695.0	726.0	806.0	1278.0	4634.0	11392.0	19212.0	25929.0	32459.0	42093.0	57417.0	77956.0	102962.0	134954.0	169931.0	209548.0	256701.0	306625.0	369910.0	449995.0	541020.0	675739.0	914670.0	1414570.0	3456352.0	18912909.0
	15.0	16.0	17.0	18.0	19.0	20.0	21.0	22.0	23.0	24.0	25.0	26.0	27.0	28.0	29.0	30.0	31.0	32.0	33.0	34.0	35.0	36.0	37.0
s51_1	4.0	79.0	313.0	309.0	180.0	221.0	477.0	1485.0	3959.0	9129.0	17948.0	30930.0	47509.0	68600.0	95031.0	126953.0	167055.0	219683.0	294959.0	416945.0	672550.0	1692922.0	11067748.0
	2.0	3.0	4.0	5.0	6.0	7.0	8.0	9.0	10.0	11.0	12.0	13.0	14.0	15.0	16.0	17.0	18.0	19.0	20.0	21.0	22.0	23.0	24.0	25.0	26.0	27.0	28.0	29.0	30.0	31.0	32.0	33.0	34.0	35.0	36.0	37.0
s51_2	95.0	235.0	381.0	496.0	693.0	744.0	635.0	508.0	476.0	439.0	555.0	483.0	571.0	1155.0	4678.0	10120.0	15998.0	20639.0	23467.0	26912.0	32153.0	41345.0	52761.0	66571.0	83144.0	101692.0	123617.0	147393.0	176664.0	213158.0	260856.0	331159.0	448564.0	700448.0	1735496.0	10310688.0
	14.0	15.0	16.0	17.0	18.0	19.0	20.0	21.0	22.0	23.0	24.0	25.0	26.0	27.0	28.0	29.0	30.0	31.0	32.0	33.0	34.0	35.0	36.0	37.0
s52_1	1.0	6.0	124.0	572.0	588.0	307.0	288.0	671.0	1869.0	4667.0	10844.0	21153.0	36156.0	54947.0	76860.0	105681.0	140035.0	181152.0	238143.0	317949.0	446406.0	716460.0	1770306.0	11352222.0
	2.0	3.0	4.0	5.0	6.0	7.0	8.0	9.0	10.0	11.0	12.0	13.0	14.0	15.0	16.0	17.0	18.0	19.0	20.0	21.0	22.0	23.0	24.0	25.0	26.0	27.0	28.0	29.0	30.0	31.0	32.0	33.0	34.0	35.0	36.0	37.0
s52_2	102.0	219.0	418.0	557.0	715.0	767.0	705.0	521.0	509.0	465.0	570.0	575.0	615.0	1357.0	5949.0	14912.0	24251.0	29254.0	31293.0	33026.0	37404.0	45007.0	55622.0	69530.0	85610.0	104563.0	126394.0	151814.0	181830.0	220049.0	269633.0	345053.0	471591.0	741806.0	1856057.0	10568664.0
	15.0	16.0	17.0	18.0	19.0	20.0	21.0	22.0	23.0	24.0	25.0	26.0	27.0	28.0	29.0	30.0	31.0	32.0	33.0	34.0	35.0	36.0	37.0
s53_1	3.0	103.0	442.0	411.0	216.0	223.0	609.0	1912.0	4976.0	11287.0	22016.0	37895.0	58965.0	86411.0	119217.0	159640.0	210752.0	278075.0	373927.0	529527.0	859693.0	2162481.0	14464707.0
	2.0	3.0	4.0	5.0	6.0	7.0	8.0	9.0	10.0	11.0	12.0	13.0	14.0	15.0	16.0	17.0	18.0	19.0	20.0	21.0	22.0	23.0	24.0	25.0	26.0	27.0	28.0	29.0	30.0	31.0	32.0	33.0	34.0	35.0	36.0	37.0
s53_2	121.0	313.0	490.0	643.0	906.0	954.0	891.0	664.0	642.0	592.0	678.0	717.0	734.0	1266.0	4223.0	9279.0	14357.0	19246.0	23456.0	29115.0	38427.0	51120.0	67684.0	85902.0	106582.0	132029.0	160910.0	192856.0	230522.0	276517.0	339712.0	429039.0	582862.0	909208.0	2256805.0	13414026.0
	15.0	16.0	17.0	18.0	19.0	20.0	21.0	22.0	23.0	24.0	25.0	26.0	27.0	28.0	29.0	30.0	31.0	32.0	33.0	34.0	35.0	36.0	37.0
s54_1	8.0	302.0	1428.0	1232.0	553.0	598.0	1379.0	3509.0	8117.0	16827.0	30560.0	49631.0	73797.0	101839.0	134714.0	173623.0	220159.0	279795.0	361633.0	496658.0	774174.0	1832839.0	11576681.0
	2.0	3.0	4.0	5.0	6.0	7.0	8.0	9.0	10.0	11.0	12.0	13.0	14.0	15.0	16.0	17.0	18.0	19.0	20.0	21.0	22.0	23.0	24.0	25.0	26.0	27.0	28.0	29.0	30.0	31.0	32.0	33.0	34.0	35.0	36.0	37.0
s54_2	127.0	302.0	442.0	591.0	753.0	815.0	722.0	558.0	580.0	527.0	630.0	586.0	691.0	4678.0	35091.0	105080.0	176415.0	203377.0	188659.0	159091.0	136420.0	123727.0	121383.0	125242.0	134588.0	146819.0	164025.0	184144.0	209217.0	242203.0	287886.0	356356.0	474284.0	728773.0	1769173.0	10056101.0
	15.0	16.0	17.0	18.0	19.0	20.0	21.0	22.0	23.0	24.0	25.0	26.0	27.0	28.0	29.0	30.0	31.0	32.0	33.0	34.0	35.0	36.0	37.0
s55_1	2.0	95.0	401.0	436.0	208.0	256.0	656.0	1891.0	5081.0	11561.0	22920.0	39298.0	60640.0	88827.0	121367.0	162214.0	214179.0	282873.0	378858.0	538250.0	869149.0	2186242.0	14291647.0
	2.0	3.0	4.0	5.0	6.0	7.0	8.0	9.0	10.0	11.0	12.0	13.0	14.0	15.0	16.0	17.0	18.0	19.0	20.0	21.0	22.0	23.0	24.0	25.0	26.0	27.0	28.0	29.0	30.0	31.0	32.0	33.0	34.0	35.0	36.0	37.0
s55_2	123.0	271.0	485.0	638.0	851.0	976.0	842.0	618.0	618.0	596.0	690.0	685.0	649.0	1277.0	4944.0	10984.0	17562.0	22396.0	26469.0	31765.0	40396.0	52793.0	68274.0	87189.0	109000.0	133121.0	160792.0	192846.0	230024.0	276141.0	337942.0	429031.0	582428.0	908861.0	2250112.0	13294662.0
	15.0	16.0	17.0	18.0	19.0	20.0	21.0	22.0	23.0	24.0	25.0	26.0	27.0	28.0	29.0	30.0	31.0	32.0	33.0	34.0	35.0	36.0	37.0
s56_1	8.0	88.0	382.0	467.0	232.0	272.0	650.0	1823.0	4895.0	10518.0	20989.0	36086.0	57209.0	83475.0	116172.0	156211.0	206235.0	273142.0	369012.0	523355.0	847144.0	2112898.0	13671961.0
	2.0	3.0	4.0	5.0	6.0	7.0	8.0	9.0	10.0	11.0	12.0	13.0	14.0	15.0	16.0	17.0	18.0	19.0	20.0	21.0	22.0	23.0	24.0	25.0	26.0	27.0	28.0	29.0	30.0	31.0	32.0	33.0	34.0	35.0	36.0	37.0
s56_2	111.0	255.0	456.0	622.0	849.0	958.0	825.0	614.0	613.0	579.0	660.0	666.0	659.0	1074.0	3521.0	7169.0	11456.0	16407.0	22332.0	31899.0	44486.0	61276.0	80497.0	102938.0	126317.0	153870.0	183870.0	216895.0	255020.0	304974.0	370946.0	471389.0	641017.0	1010687.0	2483883.0	11883434.0
	15.0	16.0	17.0	18.0	19.0	20.0	21.0	22.0	23.0	24.0	25.0	26.0	27.0	28.0	29.0	30.0	31.0	32.0	33.0	34.0	35.0	36.0	37.0
s57_1	8.0	136.0	533.0	587.0	287.0	293.0	849.0	2218.0	5599.0	12670.0	24168.0	40836.0	62993.0	90303.0	123473.0	164453.0	216020.0	283190.0	378011.0	533751.0	858275.0	2137440.0	14059688.0
	2.0	3.0	4.0	5.0	6.0	7.0	8.0	9.0	10.0	11.0	12.0	13.0	14.0	15.0	16.0	17.0	18.0	19.0	20.0	21.0	22.0	23.0	24.0	25.0	26.0	27.0	28.0	29.0	30.0	31.0	32.0	33.0	34.0	35.0	36.0	37.0
s57_2	101.0	321.0	464.0	624.0	878.0	915.0	842.0	624.0	654.0	565.0	699.0	636.0	702.0	1770.0	8220.0	20184.0	32567.0	39773.0	42273.0	45243.0	51170.0	62466.0	76766.0	93743.0	114321.0	137984.0	166192.0	196534.0	231072.0	275727.0	336510.0	426920.0	574060.0	893178.0	2189882.0	12971201.0
	15.0	16.0	17.0	18.0	19.0	20.0	21.0	22.0	23.0	24.0	25.0	26.0	27.0	28.0	29.0	30.0	31.0	32.0	33.0	34.0	35.0	36.0	37.0
s58_1	2.0	113.0	428.0	499.0	239.0	259.0	676.0	1851.0	4999.0	11786.0	22978.0	39224.0	61140.0	88262.0	121503.0	162587.0	213930.0	280770.0	376735.0	532929.0	858888.0	2132117.0	13592635.0
	2.0	3.0	4.0	5.0	6.0	7.0	8.0	9.0	10.0	11.0	12.0	13.0	14.0	15.0	16.0	17.0	18.0	19.0	20.0	21.0	22.0	23.0	24.0	25.0	26.0	27.0	28.0	29.0	30.0	31.0	32.0	33.0	34.0	35.0	36.0	37.0
s58_2	112.0	289.0	482.0	628.0	844.0	915.0	852.0	592.0	643.0	562.0	674.0	671.0	653.0	1256.0	4857.0	11413.0	19338.0	24332.0	28098.0	33612.0	42113.0	54153.0	70299.0	88799.0	110367.0	134459.0	162289.0	191703.0	228589.0	273577.0	334162.0	422783.0	570792.0	887305.0	2179137.0	12623200.0
	15.0	16.0	17.0	18.0	19.0	20.0	21.0	22.0	23.0	24.0	25.0	26.0	27.0	28.0	29.0	30.0	31.0	32.0	33.0	34.0	35.0	36.0	37.0
s59_1	10.0	82.0	375.0	412.0	199.0	246.0	736.0	2370.0	6219.0	13694.0	26668.0	45714.0	70928.0	103044.0	143030.0	192418.0	253461.0	334676.0	448902.0	635067.0	1024515.0	2571662.0	17786487.0
	2.0	3.0	4.0	5.0	6.0	7.0	8.0	9.0	10.0	11.0	12.0	13.0	14.0	15.0	16.0	17.0	18.0	19.0	20.0	21.0	22.0	23.0	24.0	25.0	26.0	27.0	28.0	29.0	30.0	31.0	32.0	33.0	34.0	35.0	36.0	37.0
s59_2	155.0	393.0	614.0	754.0	1128.0	1198.0	1020.0	736.0	786.0	722.0	808.0	860.0	847.0	1285.0	3465.0	6988.0	11934.0	17731.0	25055.0	33881.0	47741.0	65042.0	85780.0	110296.0	137594.0	169049.0	203409.0	242367.0	288674.0	344729.0	420124.0	530511.0	718128.0	1119131.0	2761271.0	16306709.0
	15.0	16.0	17.0	18.0	19.0	20.0	21.0	22.0	23.0	24.0	25.0	26.0	27.0	28.0	29.0	30.0	31.0	32.0	33.0	34.0	35.0	36.0	37.0
s60_1	5.0	80.0	389.0	414.0	189.0	234.0	621.0	1818.0	4886.0	11206.0	21961.0	37353.0	58191.0	85271.0	117636.0	157496.0	207842.0	273334.0	367896.0	521742.0	841722.0	2105345.0	13950816.0
	2.0	3.0	4.0	5.0	6.0	7.0	8.0	9.0	10.0	11.0	12.0	13.0	14.0	15.0	16.0	17.0	18.0	19.0	20.0	21.0	22.0	23.0	24.0	25.0	26.0	27.0	28.0	29.0	30.0	31.0	32.0	33.0	34.0	35.0	36.0	37.0
s60_2	133.0	291.0	472.0	595.0	873.0	930.0	836.0	625.0	648.0	526.0	664.0	707.0	684.0	1071.0	3863.0	7907.0	12601.0	17512.0	22628.0	29863.0	40383.0	54101.0	70670.0	90623.0	112183.0	137602.0	165787.0	197092.0	233629.0	278498.0	340404.0	430943.0	579756.0	902535.0	2213388.0	12815424.0
	15.0	16.0	17.0	18.0	19.0	20.0	21.0	22.0	23.0	24.0	25.0	26.0	27.0	28.0	29.0	30.0	31.0	32.0	33.0	34.0	35.0	36.0	37.0
s61_1	7.0	159.0	545.0	509.0	222.0	268.0	768.0	2193.0	5720.0	12991.0	25312.0	43630.0	67820.0	98436.0	136029.0	182422.0	239716.0	315430.0	419424.0	590110.0	943988.0	2360502.0	16437958.0
	2.0	3.0	4.0	5.0	6.0	7.0	8.0	9.0	10.0	11.0	12.0	13.0	14.0	15.0	16.0	17.0	18.0	19.0	20.0	21.0	22.0	23.0	24.0	25.0	26.0	27.0	28.0	29.0	30.0	31.0	32.0	33.0	34.0	35.0	36.0	37.0
s61_2	142.0	342.0	582.0	732.0	999.0	1116.0	976.0	699.0	752.0	656.0	760.0	826.0	808.0	1696.0	7508.0	18560.0	29876.0	36898.0	41346.0	47427.0	58422.0	73912.0	93550.0	116087.0	141163.0	170078.0	203417.0	239271.0	281551.0	332540.0	403238.0	503990.0	671908.0	1034298.0	2517529.0	14850504.0
	15.0	16.0	17.0	18.0	19.0	20.0	21.0	22.0	23.0	24.0	25.0	26.0	27.0	28.0	29.0	30.0	31.0	32.0	33.0	34.0	35.0	36.0	37.0
s62_1	5.0	159.0	500.0	511.0	254.0	292.0	672.0	1937.0	5276.0	11987.0	23553.0	40353.0	62297.0	89506.0	123180.0	164438.0	214712.0	283513.0	379552.0	537594.0	868055.0	2182188.0	14575554.0
	2.0	3.0	4.0	5.0	6.0	7.0	8.0	9.0	10.0	11.0	12.0	13.0	14.0	15.0	16.0	17.0	18.0	19.0	20.0	21.0	22.0	23.0	24.0	25.0	26.0	27.0	28.0	29.0	30.0	31.0	32.0	33.0	34.0	35.0	36.0	37.0
s62_2	142.0	291.0	515.0	707.0	912.0	964.0	888.0	634.0	663.0	567.0	721.0	711.0	693.0	1972.0	9532.0	22129.0	33526.0	39951.0	41098.0	42040.0	47559.0	56792.0	70081.0	87708.0	106771.0	129807.0	158012.0	187824.0	224761.0	271061.0	331536.0	421805.0	572437.0	894281.0	2227240.0	13579757.0
	15.0	16.0	17.0	18.0	19.0	20.0	21.0	22.0	23.0	24.0	25.0	26.0	27.0	28.0	29.0	30.0	31.0	32.0	33.0	34.0	35.0	36.0	37.0
s63_1	7.0	144.0	585.0	611.0	353.0	352.0	782.0	2080.0	5269.0	11729.0	22629.0	38463.0	58161.0	83580.0	114844.0	152285.0	199380.0	261125.0	350027.0	495180.0	802066.0	2011432.0	12545810.0
	2.0	3.0	4.0	5.0	6.0	7.0	8.0	9.0	10.0	11.0	12.0	13.0	14.0	15.0	16.0	17.0	18.0	19.0	20.0	21.0	22.0	23.0	24.0	25.0	26.0	27.0	28.0	29.0	30.0	31.0	32.0	33.0	34.0	35.0	36.0	37.0
s63_2	109.0	241.0	457.0	619.0	759.0	870.0	752.0	571.0	546.0	548.0	557.0	619.0	625.0	1592.0	7246.0	18317.0	29817.0	37114.0	40517.0	42804.0	48913.0	57837.0	71168.0	86280.0	103809.0	124707.0	149033.0	176101.0	208837.0	249599.0	302973.0	384220.0	518640.0	811666.0	2014609.0	11663822.0
	15.0	16.0	17.0	18.0	19.0	20.0	21.0	22.0	23.0	24.0	25.0	26.0	27.0	28.0	29.0	30.0	31.0	32.0	33.0	34.0	35.0	36.0	37.0
s64_1	16.0	309.0	1181.0	1013.0	544.0	536.0	1304.0	4192.0	10856.0	24253.0	47293.0	79964.0	122470.0	175193.0	237762.0	311834.0	403381.0	521135.0	680720.0	930797.0	1424563.0	3199505.0	15624924.0
	2.0	3.0	4.0	5.0	6.0	7.0	8.0	9.0	10.0	11.0	12.0	13.0	14.0	15.0	16.0	17.0	18.0	19.0	20.0	21.0	22.0	23.0	24.0	25.0	26.0	27.0	28.0	29.0	30.0	31.0	32.0	33.0	34.0	35.0	36.0	37.0
s64_2	350.0	908.0	1389.0	1648.0	1733.0	1791.0	1535.0	1369.0	1236.0	1196.0	1065.0	1131.0	911.0	1320.0	4341.0	11097.0	19446.0	27900.0	36699.0	50195.0	70203.0	96402.0	127789.0	164344.0	204034.0	248154.0	298221.0	353549.0	417780.0	494324.0	597046.0	742387.0	977125.0	1450670.0	3196252.0	14198205.0
	15.0	16.0	17.0	18.0	19.0	20.0	21.0	22.0	23.0	24.0	25.0	26.0	27.0	28.0	29.0	30.0	31.0	32.0	33.0	34.0	35.0	36.0	37.0
s65_1	17.0	415.0	1348.0	1106.0	522.0	532.0	1381.0	4135.0	11130.0	24929.0	47707.0	80981.0	124720.0	178879.0	242411.0	319522.0	414546.0	534131.0	698437.0	955193.0	1463205.0	3276863.0	15936286.0
	2.0	3.0	4.0	5.0	6.0	7.0	8.0	9.0	10.0	11.0	12.0	13.0	14.0	15.0	16.0	17.0	18.0	19.0	20.0	21.0	22.0	23.0	24.0	25.0	26.0	27.0	28.0	29.0	30.0	31.0	32.0	33.0	34.0	35.0	36.0	37.0
s65_2	159.0	713.0	1334.0	1730.0	1797.0	1820.0	1550.0	1362.0	1260.0	1149.0	1093.0	1118.0	927.0	1287.0	4123.0	9656.0	16946.0	24202.0	33403.0	47104.0	67904.0	93816.0	125198.0	162637.0	204574.0	249214.0	301065.0	357564.0	424464.0	505895.0	612031.0	765570.0	1007386.0	1506732.0	3339760.0	14441853.0
	15.0	16.0	17.0	18.0	19.0	20.0	21.0	22.0	23.0	24.0	25.0	26.0	27.0	28.0	29.0	30.0	31.0	32.0	33.0	34.0	35.0	36.0	37.0
s66_1	23.0	397.0	1156.0	940.0	439.0	492.0	1437.0	4585.0	12077.0	27315.0	52672.0	89325.0	137378.0	196666.0	269477.0	354198.0	458651.0	592618.0	776773.0	1061151.0	1624580.0	3663760.0	18194230.0
	2.0	3.0	4.0	5.0	6.0	7.0	8.0	9.0	10.0	11.0	12.0	13.0	14.0	15.0	16.0	17.0	18.0	19.0	20.0	21.0	22.0	23.0	24.0	25.0	26.0	27.0	28.0	29.0	30.0	31.0	32.0	33.0	34.0	35.0	36.0	37.0
s66_2	182.0	882.0	1577.0	2012.0	2042.0	2117.0	1810.0	1606.0	1355.0	1298.0	1205.0	1261.0	1071.0	1456.0	4550.0	10412.0	18110.0	25903.0	37442.0	53976.0	77922.0	109283.0	146566.0	188888.0	236797.0	289825.0	346597.0	411639.0	484511.0	575452.0	692366.0	858976.0	1129325.0	1670384.0	3682852.0	16448690.0
	15.0	16.0	17.0	18.0	19.0	20.0	21.0	22.0	23.0	24.0	25.0	26.0	27.0	28.0	29.0	30.0	31.0	32.0	33.0	34.0	35.0	36.0	37.0
s67_1	23.0	734.0	2627.0	1858.0	719.0	685.0	1694.0	4586.0	10853.0	23162.0	43303.0	71062.0	107333.0	149785.0	199909.0	257793.0	329430.0	418891.0	539997.0	728678.0	1104667.0	2421138.0	11273226.0
	2.0	3.0	4.0	5.0	6.0	7.0	8.0	9.0	10.0	11.0	12.0	13.0	14.0	15.0	16.0	17.0	18.0	19.0	20.0	21.0	22.0	23.0	24.0	25.0	26.0	27.0	28.0	29.0	30.0	31.0	32.0	33.0	34.0	35.0	36.0	37.0
s67_2	254.0	719.0	1058.0	1230.0	1358.0	1320.0	1190.0	968.0	950.0	836.0	840.0	836.0	759.0	3321.0	24478.0	76937.0	131464.0	146659.0	134867.0	121131.0	117523.0	125253.0	140761.0	161229.0	187073.0	214923.0	247309.0	284290.0	329025.0	382453.0	453587.0	557805.0	725324.0	1067120.0	2315615.0	9731688.0
	15.0	16.0	17.0	18.0	19.0	20.0	21.0	22.0	23.0	24.0	25.0	26.0	27.0	28.0	29.0	30.0	31.0	32.0	33.0	34.0	35.0	36.0	37.0
s68_1	14.0	253.0	1063.0	870.0	485.0	427.0	1232.0	3772.0	9920.0	22617.0	43165.0	72680.0	111426.0	158728.0	215750.0	284059.0	366713.0	472514.0	617919.0	844545.0	1294638.0	2911598.0	14309339.0
	2.0	3.0	4.0	5.0	6.0	7.0	8.0	9.0	10.0	11.0	12.0	13.0	14.0	15.0	16.0	17.0	18.0	19.0	20.0	21.0	22.0	23.0	24.0	25.0	26.0	27.0	28.0	29.0	30.0	31.0	32.0	33.0	34.0	35.0	36.0	37.0
s68_2	124.0	600.0	1227.0	1533.0	1678.0	1623.0	1437.0	1229.0	1144.0	1031.0	982.0	945.0	861.0	1348.0	5343.0	13846.0	23896.0	31676.0	39054.0	49895.0	66697.0	90577.0	118684.0	152270.0	187817.0	228419.0	271910.0	321582.0	381359.0	449586.0	542255.0	674772.0	886464.0	1315406.0	2905596.0	12970861.0
	15.0	16.0	17.0	18.0	19.0	20.0	21.0	22.0	23.0	24.0	25.0	26.0	27.0	28.0	29.0	30.0	31.0	32.0	33.0	34.0	35.0	36.0	37.0
s69_1	20.0	460.0	1455.0	1325.0	633.0	639.0	1393.0	4086.0	10620.0	23439.0	44650.0	75703.0	115139.0	164870.0	223230.0	293880.0	380652.0	488850.0	640570.0	875249.0	1332514.0	2941402.0	13740089.0
	2.0	3.0	4.0	5.0	6.0	7.0	8.0	9.0	10.0	11.0	12.0	13.0	14.0	15.0	16.0	17.0	18.0	19.0	20.0	21.0	22.0	23.0	24.0	25.0	26.0	27.0	28.0	29.0	30.0	31.0	32.0	33.0	34.0	35.0	36.0	37.0
s69_2	130.0	618.0	1219.0	1556.0	1587.0	1607.0	1348.0	1183.0	1077.0	939.0	899.0	996.0	880.0	1389.0	5023.0	12117.0	20925.0	29889.0	42704.0	61447.0	87283.0	119230.0	155722.0	194172.0	235554.0	281272.0	329842.0	382518.0	444286.0	517903.0	618161.0	756113.0	989368.0	1471417.0	3182784.0	11407710.0
	15.0	16.0	17.0	18.0	19.0	20.0	21.0	22.0	23.0	24.0	25.0	26.0	27.0	28.0	29.0	30.0	31.0	32.0	33.0	34.0	35.0	36.0	37.0
s70_1	20.0	367.0	1370.0	1202.0	541.0	526.0	1274.0	3639.0	9716.0	21800.0	41469.0	69564.0	104861.0	149489.0	202058.0	264179.0	340211.0	437873.0	574433.0	780830.0	1198912.0	2680027.0	12782407.0
	2.0	3.0	4.0	5.0	6.0	7.0	8.0	9.0	10.0	11.0	12.0	13.0	14.0	15.0	16.0	17.0	18.0	19.0	20.0	21.0	22.0	23.0	24.0	25.0	26.0	27.0	28.0	29.0	30.0	31.0	32.0	33.0	34.0	35.0	36.0	37.0
s70_2	174.0	658.0	1144.0	1442.0	1453.0	1490.0	1361.0	1068.0	1012.0	913.0	864.0	902.0	772.0	1333.0	5196.0	13098.0	22557.0	28987.0	34113.0	42977.0	57293.0	76280.0	101058.0	129222.0	161719.0	197488.0	238496.0	283507.0	337756.0	403226.0	489314.0	612454.0	807607.0	1203927.0	2652037.0	11753870.0
	15.0	16.0	17.0	18.0	19.0	20.0	21.0	22.0	23.0	24.0	25.0	26.0	27.0	28.0	29.0	30.0	31.0	32.0	33.0	34.0	35.0	36.0	37.0
s71_1	25.0	365.0	1419.0	1267.0	612.0	640.0	1622.0	4525.0	12465.0	27461.0	51222.0	86009.0	129192.0	182716.0	247063.0	323670.0	415590.0	533479.0	695926.0	946938.0	1444534.0	3187953.0	14510442.0
	2.0	3.0	4.0	5.0	6.0	7.0	8.0	9.0	10.0	11.0	12.0	13.0	14.0	15.0	16.0	17.0	18.0	19.0	20.0	21.0	22.0	23.0	24.0	25.0	26.0	27.0	28.0	29.0	30.0	31.0	32.0	33.0	34.0	35.0	36.0	37.0
s71_2	154.0	706.0	1269.0	1598.0	1712.0	1767.0	1507.0	1337.0	1165.0	1069.0	1035.0	992.0	943.0	1929.0	8379.0	22905.0	38799.0	49547.0	55584.0	66284.0	82923.0	108016.0	137914.0	173698.0	211043.0	255181.0	302822.0	356280.0	419348.0	496156.0	595684.0	739232.0	965637.0	1428122.0	3099705.0	13174693.0
	15.0	16.0	17.0	18.0	19.0	20.0	21.0	22.0	23.0	24.0	25.0	26.0	27.0	28.0	29.0	30.0	31.0	32.0	33.0	34.0	35.0	36.0	37.0
s72_1	18.0	389.0	1345.0	1113.0	528.0	608.0	1729.0	5452.0	13989.0	31465.0	59371.0	99104.0	151797.0	215130.0	291874.0	383977.0	494612.0	637283.0	831832.0	1131183.0	1729880.0	3875247.0	19018116.0
	2.0	3.0	4.0	5.0	6.0	7.0	8.0	9.0	10.0	11.0	12.0	13.0	14.0	15.0	16.0	17.0	18.0	19.0	20.0	21.0	22.0	23.0	24.0	25.0	26.0	27.0	28.0	29.0	30.0	31.0	32.0	33.0	34.0	35.0	36.0	37.0
s72_2	432.0	1185.0	1677.0	2066.0	2191.0	2167.0	1911.0	1637.0	1590.0	1374.0	1365.0	1328.0	1141.0	1580.0	5018.0	12596.0	22851.0	34513.0	48340.0	67715.0	94244.0	128291.0	168465.0	214736.0	264887.0	319769.0	381259.0	448261.0	525325.0	619460.0	741749.0	918538.0	1201587.0	1778960.0	3899539.0	17058295.0
	14.0	15.0	16.0	17.0	18.0	19.0	20.0	21.0	22.0	23.0	24.0	25.0	26.0	27.0	28.0	29.0	30.0	31.0	32.0	33.0	34.0	35.0	36.0	37.0
s73_1	1.0	18.0	445.0	1512.0	1290.0	632.0	639.0	1545.0	4340.0	11091.0	24776.0	46587.0	78240.0	117387.0	166588.0	223750.0	292668.0	375794.0	482261.0	629456.0	856035.0	1304371.0	2899298.0	13694618.0
	2.0	3.0	4.0	5.0	6.0	7.0	8.0	9.0	10.0	11.0	12.0	13.0	14.0	15.0	16.0	17.0	18.0	19.0	20.0	21.0	22.0	23.0	24.0	25.0	26.0	27.0	28.0	29.0	30.0	31.0	32.0	33.0	34.0	35.0	36.0	37.0
s73_2	298.0	845.0	1259.0	1582.0	1606.0	1588.0	1381.0	1209.0	1133.0	1107.0	954.0	1016.0	843.0	1724.0	8020.0	21320.0	36186.0	45349.0	52106.0	62971.0	80756.0	103671.0	132711.0	164998.0	202268.0	241239.0	285733.0	335505.0	392881.0	460835.0	552417.0	681783.0	891893.0	1315594.0	2867235.0	12261326.0
	15.0	16.0	17.0	18.0	19.0	20.0	21.0	22.0	23.0	24.0	25.0	26.0	27.0	28.0	29.0	30.0	31.0	32.0	33.0	34.0	35.0	36.0	37.0
s74_1	16.0	580.0	1970.0	1450.0	638.0	656.0	1533.0	4386.0	11513.0	24659.0	46337.0	76813.0	115435.0	161524.0	216249.0	280494.0	357283.0	457718.0	590742.0	798100.0	1209906.0	2669295.0	12581830.0
	2.0	3.0	4.0	5.0	6.0	7.0	8.0	9.0	10.0	11.0	12.0	13.0	14.0	15.0	16.0	17.0	18.0	19.0	20.0	21.0	22.0	23.0	24.0	25.0	26.0	27.0	28.0	29.0	30.0	31.0	32.0	33.0	34.0	35.0	36.0	37.0
s74_2	277.0	773.0	1159.0	1431.0	1563.0	1553.0	1295.0	1085.0	1002.0	957.0	911.0	908.0	797.0	3174.0	21032.0	63355.0	105505.0	118118.0	111431.0	105070.0	109587.0	123061.0	143897.0	170386.0	201106.0	235328.0	274291.0	317736.0	366804.0	429480.0	511257.0	627753.0	814317.0	1194729.0	2577732.0	10970267.0
	15.0	16.0	17.0	18.0	19.0	20.0	21.0	22.0	23.0	24.0	25.0	26.0	27.0	28.0	29.0	30.0	31.0	32.0	33.0	34.0	35.0	36.0	37.0
s75_1	25.0	414.0	1408.0	1189.0	578.0	546.0	1290.0	3877.0	10287.0	22856.0	43992.0	73541.0	110483.0	156179.0	209826.0	273231.0	348776.0	448426.0	584360.0	796970.0	1218327.0	2729675.0	13492584.0
	2.0	3.0	4.0	5.0	6.0	7.0	8.0	9.0	10.0	11.0	12.0	13.0	14.0	15.0	16.0	17.0	18.0	19.0	20.0	21.0	22.0	23.0	24.0	25.0	26.0	27.0	28.0	29.0	30.0	31.0	32.0	33.0	34.0	35.0	36.0	37.0
s75_2	140.0	645.0	1151.0	1459.0	1536.0	1549.0	1419.0	1143.0	1083.0	1020.0	943.0	979.0	826.0	1972.0	10924.0	31688.0	53145.0	62536.0	62859.0	65015.0	74605.0	91388.0	114458.0	141113.0	172902.0	208556.0	248879.0	293953.0	346108.0	412332.0	498495.0	618596.0	815743.0	1216740.0	2691667.0	12281273.0
	15.0	16.0	17.0	18.0	19.0	20.0	21.0	22.0	23.0	24.0	25.0	26.0	27.0	28.0	29.0	30.0	31.0	32.0	33.0	34.0	35.0	36.0	37.0
s76_1	17.0	637.0	2169.0	1937.0	967.0	980.0	1931.0	5068.0	12790.0	27882.0	52441.0	86471.0	127870.0	179638.0	238636.0	309865.0	397518.0	506101.0	659336.0	896471.0	1375232.0	3074310.0	14666997.0
	2.0	3.0	4.0	5.0	6.0	7.0	8.0	9.0	10.0	11.0	12.0	13.0	14.0	15.0	16.0	17.0	18.0	19.0	20.0	21.0	22.0	23.0	24.0	25.0	26.0	27.0	28.0	29.0	30.0	31.0	32.0	33.0	34.0	35.0	36.0	37.0
s76_2	136.0	704.0	1312.0	1623.0	1816.0	1768.0	1431.0	1246.0	1186.0	1069.0	1008.0	1034.0	883.0	2087.0	11035.0	33592.0	58046.0	69676.0	71288.0	75319.0	85835.0	104780.0	129621.0	160674.0	195801.0	233780.0	277362.0	327343.0	386172.0	456906.0	550524.0	687534.0	904725.0	1350521.0	3014558.0	13422869.0

