	4	8	12	16	20	24	28	32	36	40	44	48	52	56	60	64	68	72	76	80	84	88	92	96	100	104	108	112	116	120	124	128	132	136	140	144	148	152	156	160	164	168	172	176	180	184	188	192	196	200	204	208	212	216	220	224	228	232	236	240	244	248	252	256	260	264	268	272	276	281	285	289	293	297	301	305	309	313	317	321	325	329	335	339	345	349	354	359	363	367	371	375	379	385	391	396	400	407	412	416	422	427	435	446	450	457	464	473	478	483	490	499
s01	15054808	797293	218241	92741	48500	28748	18353	12616	9064	6808	5068	4040	3127	2521	1995	1733	1447	1195	1011	852	767	688	549	499	416	352	328	279	251	235	222	188	150	146	144	139	114	90	87	99	81	81	88	72	57	62	55	48	49	47	46	46	32	28	29	28	26	24	30	25	24	24	19	26	18	18	13	18	16	16	19	15	15	9	11	7	8	9	7	8	8	9	6	6	5	9	8	7	4	4	7	8	3	5	4	7	6	5	5	4	5	3	4	6	4	6	4	3	5	3	5	3
	4	8	12	16	20	24	28	32	36	40	44	48	52	56	60	64	68	72	76	80	84	88	92	96	100	104	108	112	116	120	124	128	132	136	140	144	148	152	156	160	164	168	172	176	180	184	188	192	196	200	204	208	212	216	220	224	228	232	236	240	244	248	252	256	260	264	268	272	277	281	285	289	293	297	301	305	310	314	320	324	328	333	337	341	345	349	353	357	362	367	372	379	383	387	393	399	406	411	417	421	426	433	437	441	449	459	468	475	484	489	496
s02	13797689	714772	200720	85921	45494	27006	17560	11964	8367	6258	4722	3607	2827	2349	1882	1532	1281	1112	922	845	633	573	513	453	421	354	311	283	254	240	222	202	128	146	145	128	111	116	98	92	64	79	69	63	60	69	49	49	49	49	34	44	24	37	29	33	35	29	28	24	23	18	17	18	14	11	12	24	13	15	14	11	12	7	13	11	14	7	8	10	11	10	7	8	7	8	5	5	4	5	4	7	4	4	6	4	7	8	6	4	5	4	5	3	3	5	4	3	5	5	3
	4	8	12	16	20	24	28	32	36	40	44	48	52	56	60	64	68	72	76	80	84	88	92	96	100	104	108	112	116	120	124	128	132	136	140	144	148	152	156	160	164	168	172	176	180	184	188	192	196	200	204	208	212	216	220	224	228	232	236	240	244	248	252	256	260	264	268	272	276	280	284	288	292	296	300	304	308	312	317	321	326	330	334	339	343	350	355	359	363	367	373	377	383	387	391	396	400	405	410	414	420	427	432	436	443	448	453	465	470	477	481	488
s03	16289128	912247	253833	108186	56799	33760	21861	15003	10768	8040	6136	4699	3703	2992	2476	2009	1696	1426	1165	1027	843	742	606	579	495	443	373	343	306	270	223	207	184	192	132	133	121	129	114	112	79	91	90	85	71	73	70	63	41	51	43	33	37	38	44	27	36	34	26	23	17	21	29	21	19	22	17	26	13	14	20	21	11	17	11	9	10	9	11	13	13	8	11	5	11	9	9	9	6	9	6	7	3	4	4	4	7	6	5	4	7	8	5	9	4	5	4	3	4	5	4	3
	4	8	12	16	20	24	28	32	36	40	44	48	52	56	60	64	68	72	76	80	84	88	92	96	100	104	108	112	116	120	124	128	132	136	140	144	148	152	156	160	164	168	172	176	180	184	188	192	196	200	204	208	212	216	220	224	228	232	236	240	244	248	252	256	260	264	268	272	276	280	284	288	292	296	300	304	309	313	317	321	325	329	334	338	343	348	352	356	360	364	368	374	378	383	390	394	398	403	409	413	418	427	432	437	445	449	455	459	465	469	473	480	486	492	497
s04	14041102	713651	196584	83005	43624	25780	16467	11299	8162	6018	4522	3515	2881	2222	1855	1440	1278	1081	953	763	670	535	511	397	392	347	290	248	275	233	185	170	167	144	134	124	112	105	82	86	71	83	72	53	61	67	53	58	47	39	32	28	46	42	29	29	27	30	30	27	13	18	25	20	30	16	25	15	18	13	16	14	16	12	10	8	7	7	14	12	7	9	11	14	5	7	7	8	8	5	7	7	8	5	7	12	7	7	3	5	6	6	5	8	4	5	6	4	5	6	7	4	4	3	3
	4	8	12	16	20	24	28	32	36	40	44	48	52	56	60	64	68	72	76	80	84	88	92	96	100	104	108	112	116	120	124	128	132	136	140	144	148	152	156	160	164	168	172	176	180	184	188	192	196	200	204	208	212	216	220	224	228	232	236	240	244	248	252	256	260	264	268	272	277	281	285	290	295	299	303	308	312	316	320	324	328	333	338	342	347	351	360	368	372	379	387	394	402	407	414	422	432	446	452	463	473	485
s05	12272053	577493	156886	66732	34560	20505	13033	8741	6326	4329	3418	2585	2078	1630	1347	1089	937	787	635	553	476	446	360	329	268	266	205	187	185	167	138	119	110	128	100	86	89	70	66	56	49	38	53	35	40	34	36	36	40	23	28	20	24	17	20	18	14	14	17	19	16	23	18	14	18	12	12	11	6	7	11	11	4	14	8	12	7	6	8	9	13	4	7	4	4	5	4	5	7	3	5	5	4	4	4	3	5	4	5	5	4	5
	3	6	9	12	15	18	21	24	27	30	33	36	39	42	45	48	51	54	57	60	63	66	69	72	75	78	81	84	87	90	93	96	99	102	105	108	111	114	117	120	123	126	129	132	135	138	141	144	147	150	153	156	159	162	165	168	171	174	177	180	183	186	189	192	195	198	201	204	207	210	213	216	219	222	226	229	232	235	238	241	244	247	250	253	256	259	262	265	268	271	275	278	282	285	289	292	295	299	302	305	310	314	317	320	323	326	330	336	339	345	349	356	361	367	373	378	384	389	396	404	409	416	425	431	440	445	449	473	485	491	499
s06	10439298	630097	176312	76908	41453	25226	16458	11154	8239	6159	4518	3684	2898	2449	1990	1617	1333	1144	940	788	680	589	535	459	399	319	311	268	240	216	179	185	164	142	127	112	99	100	89	69	79	94	78	64	63	59	41	46	39	39	32	39	29	34	26	29	32	21	29	21	24	22	19	15	18	12	10	10	11	9	12	9	3	12	7	5	11	11	3	8	6	8	6	7	8	5	9	8	5	5	4	2	5	6	5	4	4	6	3	2	3	3	3	4	6	5	2	2	3	2	3	4	4	3	4	2	2	4	3	2	3	2	2	2	3	2	2	3	2	2	2
	4	8	12	16	20	24	28	32	36	40	44	48	52	56	60	64	68	72	76	80	84	88	92	96	100	104	108	112	116	120	124	128	132	136	140	144	148	152	156	160	164	168	172	176	180	184	188	192	196	200	204	208	212	216	220	224	228	232	236	240	244	248	252	256	260	264	268	272	276	280	284	288	292	297	302	306	313	317	321	325	329	335	340	346	350	355	359	366	370	377	385	391	401	410	419	423	430	434	438	449	458	472	480	485	495
s07	13557970	620215	158976	64352	32745	18847	11983	8015	5562	4142	3024	2356	1903	1545	1185	971	814	727	611	491	411	387	326	331	263	189	205	200	142	129	123	110	120	80	77	85	71	64	53	50	50	47	36	34	40	33	29	27	33	30	19	33	14	21	18	21	12	17	15	13	25	16	9	10	7	8	7	10	8	7	8	5	9	9	4	6	5	5	5	8	7	5	6	9	6	6	7	6	5	4	3	5	4	3	6	3	3	3	3	4	4	3	4	4	3
	4	8	12	16	20	24	28	32	36	40	44	48	52	56	60	64	68	72	76	80	84	88	92	96	100	104	108	112	116	120	124	128	132	136	140	144	148	152	156	160	164	168	172	176	180	184	188	192	196	200	204	208	212	216	220	224	228	232	236	240	244	248	252	256	260	264	268	272	276	280	284	289	293	297	301	306	310	315	319	323	327	331	335	339	343	347	353	358	362	366	371	376	384	390	395	403	409	416	421	434	441	453	460	470	478	488	498
s08	13593186	662849	184758	80190	42499	25842	16829	11584	8361	6293	4588	3610	2920	2301	1851	1543	1220	1120	912	723	682	566	476	395	370	330	289	252	230	198	165	145	144	132	104	115	107	102	83	76	64	50	53	43	40	53	48	48	34	47	32	33	36	29	33	22	23	19	22	16	20	12	7	16	10	12	7	9	7	10	11	10	13	12	9	8	5	6	9	8	6	12	7	10	3	6	6	6	4	4	7	8	6	5	4	4	4	6	4	5	4	3	3	5	3	4	3
	4	8	12	16	20	24	28	32	36	40	44	48	52	56	60	64	68	72	76	80	84	88	92	96	100	104	108	112	116	120	124	128	132	136	140	144	148	152	156	160	164	168	172	176	180	184	188	192	196	200	204	208	212	216	220	224	228	232	236	240	244	248	252	256	260	264	268	273	277	281	285	289	293	298	302	306	311	315	319	324	328	332	343	349	354	361	365	372	377	383	391	395	404	410	415	420	429	439	446	457	469	479	494
s09	13781671	668749	176473	73009	37559	21945	13796	9476	6759	4869	3669	2906	2226	1780	1411	1173	995	759	698	532	489	409	371	331	296	293	247	218	185	151	149	141	103	110	108	92	85	65	73	66	72	53	44	39	41	37	39	27	31	34	30	20	28	30	17	17	23	13	13	14	15	18	12	17	12	17	10	13	8	9	13	11	4	5	8	6	7	6	8	9	8	4	8	4	3	10	4	7	4	6	7	7	5	4	3	4	3	4	3	3	3	7	5
	3	6	9	12	15	18	21	24	27	30	33	36	39	42	45	48	51	54	57	60	63	66	69	72	75	78	81	84	87	90	93	96	99	102	105	108	111	114	117	120	123	126	129	132	135	138	141	144	147	150	153	156	159	162	165	168	171	174	177	180	183	186	189	192	195	198	201	204	207	210	213	216	219	222	225	228	231	234	237	241	244	247	250	253	257	260	264	267	270	273	277	280	284	288	291	295	298	302	305	308	311	315	318	321	326	330	334	338	341	344	347	355	358	361	367	373	380	387	392	395	398	401	411	421	429	437	445	457	465	471	477	499
s10	5777997	341977	101805	45747	25213	15443	10169	6970	4910	3762	2812	2322	1734	1412	1186	985	752	676	628	532	394	386	345	283	246	219	221	187	169	165	147	123	107	96	102	75	79	81	72	47	58	45	53	50	47	31	33	37	41	35	37	24	30	30	20	17	24	27	12	16	16	16	15	17	15	11	17	17	12	17	14	11	11	10	10	9	11	10	11	12	9	10	7	12	12	3	7	6	5	6	2	7	8	5	5	3	3	4	3	5	4	2	5	5	4	3	7	4	2	2	3	2	3	3	3	2	2	3	3	5	2	4	3	5	2	2	4	2	2	3	2	3
	4	8	12	16	20	24	28	32	36	40	44	48	52	56	60	64	68	72	76	80	84	88	92	96	100	104	108	112	116	120	124	128	132	136	140	144	148	152	156	160	164	168	172	176	180	184	188	192	196	200	204	208	212	216	220	224	228	232	236	240	244	248	252	256	260	264	268	272	276	280	284	288	292	296	300	304	308	312	316	320	324	328	332	336	340	344	348	352	356	360	365	369	373	377	381	385	389	393	397	402	406	411	415	419	423	428	432	438	442	448	454	459	463	467	473	477	483	489	494	500
s11	16537770	901001	257318	112387	59936	36440	23854	16543	11954	9033	6862	5406	4259	3492	2924	2473	1963	1642	1390	1258	1059	921	824	743	650	546	521	433	430	369	354	270	280	220	237	213	176	181	172	156	138	138	124	121	93	84	102	85	83	76	40	65	58	66	50	46	47	52	49	42	34	33	30	34	31	24	31	20	36	28	14	26	23	22	25	21	21	12	13	17	16	16	17	8	13	13	12	8	13	11	11	14	7	8	8	11	6	6	8	4	10	5	8	8	8	5	7	6	4	6	6	5	7	6	6	7	5	4	9	4
	4	8	12	16	20	24	28	32	36	40	44	48	52	56	60	64	68	72	76	80	84	88	92	96	100	104	108	112	116	120	124	128	132	136	140	144	148	152	156	160	164	168	172	176	180	184	188	192	196	200	204	208	212	216	220	224	228	232	236	240	244	248	252	256	260	264	268	272	276	280	284	288	292	297	301	305	309	313	317	321	325	329	333	337	341	345	349	354	358	364	368	373	377	382	386	393	397	401	409	414	421	426	433	440	449	453	457	462	469	483	488
s12	13187289	658765	184500	79203	41714	24775	16103	10960	7953	5854	4355	3423	2758	2159	1798	1402	1255	1010	910	785	691	592	511	451	375	343	317	286	239	243	214	182	176	145	141	130	106	114	100	92	78	93	86	62	57	74	40	46	41	48	41	53	38	25	32	27	24	25	21	28	14	21	17	25	21	19	23	22	25	17	9	15	11	9	15	11	5	10	14	8	13	7	5	7	7	9	5	5	7	12	5	5	7	8	8	7	3	4	4	5	7	8	5	7	4	4	4	6	5	4	3
	4	8	12	16	20	24	28	32	36	40	44	48	52	56	60	64	68	72	76	80	84	88	92	96	100	104	108	112	116	120	124	128	132	136	140	144	148	152	156	160	164	168	172	176	180	184	188	192	196	200	204	208	212	216	220	224	228	232	236	240	244	248	252	256	260	264	268	272	276	280	284	288	292	296	300	304	308	312	316	321	325	329	333	337	341	345	349	353	358	362	366	370	374	378	382	386	390	395	400	404	409	413	417	421	426	431	437	442	447	453	462	466	470	475	479	484	489	495	500
s13	9120387	587791	191144	91244	52117	33482	22825	16270	12088	9091	7074	5727	4571	3787	3141	2634	2277	1945	1695	1448	1274	1137	995	847	739	712	610	585	486	428	415	383	318	291	239	225	219	216	204	167	166	154	134	142	141	126	98	111	104	104	70	107	67	72	71	69	68	50	53	54	37	44	46	31	52	38	44	30	40	33	32	19	30	24	25	15	23	24	24	17	27	22	18	12	29	18	18	12	7	17	11	13	13	16	14	9	9	9	16	9	11	10	9	13	9	7	11	11	8	4	7	4	8	5	8	7	4	4	8
	4	8	12	16	20	24	28	32	36	40	44	48	52	56	60	64	68	72	76	80	84	88	92	96	100	104	108	112	116	120	124	128	132	136	140	144	148	152	156	160	164	168	172	176	180	184	188	192	196	200	204	208	212	216	220	224	228	232	236	240	244	248	252	256	260	264	268	272	276	280	284	288	292	296	300	304	308	312	316	320	324	328	332	336	340	344	348	352	356	360	364	368	372	376	380	384	388	392	396	400	404	408	412	416	420	424	428	432	436	440	444	448	452	456	460	464	468	472	476	480	484	488	492	496	500
s14	9361820	512667	157949	73466	41693	26633	18230	13232	9795	7701	6070	4895	4122	3411	2934	2534	2265	1965	1747	1537	1301	1230	1087	988	921	763	776	688	596	578	563	501	440	440	414	347	341	357	289	315	281	251	236	243	222	217	195	189	169	151	159	160	156	126	118	144	134	116	111	111	88	86	82	89	90	78	70	65	67	60	53	52	56	48	53	51	49	65	44	43	36	44	43	42	40	39	37	32	30	39	24	20	31	26	36	27	32	20	20	23	14	21	19	24	24	23	20	19	23	16	14	16	14	15	12	14	15	16	13	14	15	23	10	11	12
	4	8	12	16	20	24	28	32	36	40	44	48	52	56	60	64	68	72	76	80	84	88	92	96	100	104	108	112	116	120	124	128	132	136	140	144	148	152	156	160	164	168	172	176	180	184	188	192	196	200	204	208	212	216	220	224	228	232	236	240	244	248	252	256	260	264	268	272	276	280	284	288	292	296	300	304	308	312	316	320	324	328	332	336	340	344	348	352	356	360	364	368	372	376	380	384	388	392	396	400	404	408	412	416	420	424	428	432	436	440	444	448	452	456	460	464	468	472	476	480	484	489	493	497
s15	8489583	367011	108310	50146	28211	18416	12800	9378	7127	5576	4652	3718	3158	2651	2272	2058	1812	1623	1410	1299	1053	1007	961	793	764	726	670	614	558	525	477	460	440	426	380	312	315	300	295	272	281	240	232	203	180	224	163	175	176	177	155	168	157	130	133	123	116	114	104	103	97	88	83	67	90	67	74	74	63	76	59	60	66	61	59	47	55	41	35	54	36	43	38	32	34	43	35	30	39	23	23	32	40	39	30	22	23	22	26	27	20	13	24	29	25	14	22	23	22	14	23	12	25	16	14	18	14	14	18	16	13	8	16	12
	4	8	12	16	20	24	28	32	36	40	44	48	52	56	60	64	68	72	76	80	84	88	92	96	100	104	108	112	116	120	124	128	132	136	140	144	148	152	156	160	164	168	172	176	180	184	188	192	196	200	204	208	212	216	220	224	228	232	236	240	244	248	252	256	260	264	268	272	276	280	284	288	292	296	300	304	308	312	316	320	324	328	332	336	340	344	348	352	356	360	364	368	372	376	380	384	388	392	396	400	404	408	412	416	420	424	428	432	436	440	444	448	452	456	460	464	468	472	476	480	484	488	492	496	500
s16	8118027	404815	121778	56685	32621	21103	14635	11088	8240	6552	5299	4441	3758	3243	2645	2498	2139	1940	1645	1555	1376	1280	1091	1073	965	809	862	782	667	672	631	579	583	505	516	462	443	398	393	389	356	336	339	303	272	275	229	232	200	235	208	197	200	179	181	174	157	177	161	155	146	132	132	116	117	115	104	103	89	97	80	75	86	83	81	66	76	78	53	51	62	67	67	59	58	44	57	62	46	47	43	45	51	50	45	34	38	45	46	34	45	36	30	34	28	36	26	33	31	25	34	29	31	26	25	29	24	23	21	29	25	21	15	17	17
	4	8	12	16	20	24	28	32	36	40	44	48	52	56	60	64	68	72	76	80	84	88	92	96	100	104	108	112	116	120	124	128	132	136	140	144	148	152	156	160	164	168	172	176	180	184	188	192	196	200	204	208	212	216	220	224	228	232	236	240	244	248	252	256	260	264	268	272	276	280	284	288	292	296	300	304	308	312	316	320	324	328	332	336	340	344	348	352	356	360	364	368	372	376	380	384	388	392	396	400	404	408	412	416	420	424	428	432	436	440	444	448	452	456	460	464	468	472	476	480	484	488	492	496	500
s17	8762968	441047	139013	66304	38740	25210	17653	13124	10074	8105	6464	5415	4516	3853	3206	2894	2495	2289	2041	1789	1640	1467	1359	1224	1118	1077	947	883	825	766	692	703	640	571	561	504	480	436	401	406	398	384	401	355	317	277	291	306	274	239	246	251	233	223	219	196	203	173	151	169	146	127	159	139	139	135	116	124	130	84	98	104	110	94	110	87	80	80	73	91	81	98	75	63	79	76	79	70	61	61	67	47	63	43	59	52	51	38	50	38	41	44	51	31	39	39	41	37	40	48	49	36	39	26	43	31	31	22	25	32	21	21	31	18	24
	4	8	12	16	20	24	28	32	36	40	44	48	52	56	60	64	68	72	76	80	84	88	92	96	100	104	108	112	116	120	124	128	132	136	140	144	148	152	156	160	164	168	172	176	180	184	188	192	196	200	204	208	212	216	220	224	228	232	236	240	244	248	252	256	260	264	268	272	276	280	284	288	292	296	300	304	308	312	316	320	324	328	332	336	340	344	348	352	356	360	364	368	372	376	380	384	388	392	396	400	404	408	412	416	420	424	428	432	436	440	444	448	453	457	461	465	469	473	477	481	485	489	493	497
s18	6273859	284184	88427	42584	24791	15897	10914	8189	6204	4974	4140	3348	2753	2317	2001	1687	1600	1323	1220	1080	936	913	796	707	640	632	574	504	450	476	418	369	371	310	310	308	299	258	244	219	217	235	199	170	160	169	159	138	131	144	131	121	127	122	97	99	97	101	95	94	89	87	83	81	68	77	65	65	65	51	47	60	59	62	51	56	40	30	49	37	31	46	50	51	36	32	40	43	31	31	27	27	26	31	24	27	20	31	27	19	23	21	18	18	19	17	17	24	17	20	11	22	13	15	14	17	19	12	20	16	8	9	14	16
	4	8	12	16	20	24	28	32	36	40	44	48	52	56	60	64	68	72	76	80	84	88	92	96	100	104	108	112	116	120	124	128	132	136	140	144	148	152	156	160	164	168	172	176	180	184	188	192	196	200	204	208	212	216	220	224	228	232	236	240	244	248	252	256	260	264	268	272	276	280	284	288	292	296	300	304	308	312	316	320	324	328	332	336	340	344	348	352	356	360	364	368	372	376	380	384	388	392	396	400	404	408	412	417	421	425	429	433	437	441	445	449	453	457	461	466	471	475	479	483	488	492	497
s19	5071923	264967	85810	41441	24307	15963	11097	8125	6154	4988	4083	3334	2658	2314	1976	1819	1520	1257	1262	1069	945	868	824	738	625	571	534	475	450	417	396	349	329	338	292	271	249	243	225	229	197	187	171	153	166	140	115	108	117	119	101	96	98	84	85	92	88	79	64	58	52	66	55	48	66	55	44	44	44	48	40	37	36	42	41	31	37	33	23	31	23	26	20	22	29	23	27	31	25	19	22	21	20	27	14	17	22	22	14	11	21	16	10	11	14	12	12	14	10	16	11	13	12	8	12	9	14	9	8	3	12	12	13
	4	8	12	16	20	24	28	32	36	40	44	48	52	56	60	64	68	72	76	80	84	88	92	96	100	104	108	112	116	120	124	128	132	136	140	144	148	152	156	160	164	168	172	176	180	184	188	192	196	200	204	208	212	216	220	224	228	232	236	240	244	248	252	256	260	264	268	272	276	280	284	288	292	296	300	304	308	312	316	320	324	328	332	336	340	344	348	352	356	360	364	368	372	376	380	384	388	392	396	400	405	409	413	417	421	425	429	433	437	441	445	450	454	458	462	466	470	474	478	483	487	491	496
s20	6415277	260006	78771	36912	21203	13624	9698	7075	5373	4283	3397	2907	2420	2082	1764	1521	1401	1183	1061	937	880	783	658	670	590	505	527	403	386	365	398	329	317	279	272	215	242	225	213	200	185	181	165	135	162	124	119	123	105	102	92	108	104	95	93	72	79	68	67	61	68	68	69	50	36	53	45	55	54	44	47	33	37	47	44	34	27	33	40	21	21	27	21	24	20	22	21	18	18	25	21	12	19	18	15	15	18	22	16	24	15	14	11	23	16	11	9	17	14	18	12	13	12	9	7	10	15	12	5	12	14	10	10
	4	8	12	16	20	24	28	32	36	40	44	48	52	56	60	64	68	72	76	80	84	88	92	96	100	104	108	112	116	120	124	128	132	136	140	144	148	152	156	160	164	168	172	176	180	184	188	192	196	200	204	208	212	216	220	224	228	232	236	240	244	248	252	256	260	264	268	272	276	280	284	288	292	296	300	304	308	312	316	320	324	328	332	336	340	344	348	352	356	360	364	368	372	376	380	384	388	392	396	400	404	408	412	416	420	424	428	432	436	440	444	448	452	456	460	464	468	472	476	480	484	488	492	497
s21	8263101	365067	109502	51208	29732	19096	13404	9857	7454	5826	4653	3855	3284	2722	2388	2068	1831	1525	1407	1273	1090	1030	910	829	793	695	592	575	534	481	467	438	426	367	355	299	301	257	245	244	240	201	192	209	188	176	171	153	137	157	144	131	114	118	112	92	102	91	100	99	105	72	80	74	71	75	65	74	65	61	57	59	52	56	58	47	43	49	48	42	39	34	42	34	38	39	41	31	27	30	41	32	22	25	25	35	40	29	18	24	18	19	18	16	20	17	14	24	19	19	16	13	14	11	14	16	13	12	15	15	9	10	8	12
	4	8	12	16	20	24	28	32	36	40	44	48	52	56	60	64	68	72	76	80	84	88	92	96	100	104	108	112	116	120	124	128	132	136	140	144	148	152	156	160	164	168	172	176	180	184	188	192	196	200	204	208	212	216	220	224	228	232	236	240	244	248	252	256	260	264	268	272	276	280	284	288	292	296	300	304	308	312	316	320	324	328	332	336	340	344	348	352	356	360	364	369	373	377	381	385	389	393	397	401	407	411	415	419	425	429	433	438	442	446	450	455	459	463	467	474	478	482	487	496
s22	10292093	475997	128373	54860	29588	17891	11827	8376	6023	4603	3733	2915	2441	1980	1676	1390	1234	1087	887	769	721	643	560	514	480	424	354	351	324	301	259	250	209	174	168	169	183	149	154	98	104	123	94	110	97	78	86	77	65	62	70	75	53	52	64	50	47	40	61	36	39	36	41	36	38	25	33	29	23	24	28	21	31	23	15	15	24	16	21	23	18	20	6	16	7	16	15	13	8	7	20	9	12	12	7	18	8	6	14	4	11	7	10	10	7	9	7	4	9	7	6	7	4	8	12	6	10	4	8	4
	4	8	12	16	20	24	28	32	36	40	44	48	52	56	60	64	68	72	76	80	84	88	92	96	100	104	108	112	116	120	124	128	132	136	140	144	148	152	156	160	164	168	172	176	180	184	188	192	196	200	204	208	212	216	220	224	228	232	236	240	244	248	252	256	260	264	268	272	276	280	284	288	292	296	300	304	308	312	316	320	324	328	332	336	340	344	348	352	356	360	364	368	372	376	380	384	388	392	396	400	404	408	412	416	420	424	428	432	436	440	444	448	452	456	460	464	468	472	476	480	484	488	492	496	500
s23	7805377	419303	138696	68304	40618	26884	18903	13627	10784	8418	6913	5777	4852	4090	3635	3044	2726	2350	2115	1950	1752	1519	1489	1295	1206	1103	1005	955	940	809	777	700	643	639	606	542	495	487	448	454	421	397	375	350	328	325	280	278	301	244	248	266	236	218	227	192	197	195	189	162	168	171	162	165	144	146	131	130	120	127	102	112	104	101	114	107	104	83	74	88	97	86	86	70	68	79	68	64	94	47	68	58	60	53	62	55	47	43	44	45	38	56	43	39	45	41	32	41	39	44	47	40	34	32	34	25	32	25	29	34	37	26	17	27	27
	4	8	12	16	20	24	28	32	36	40	44	48	52	56	60	64	68	72	76	80	84	88	92	96	100	104	108	112	116	120	124	128	132	136	140	144	148	152	156	160	164	168	172	176	180	184	188	192	196	200	204	208	212	216	220	224	228	232	236	240	244	248	252	256	260	264	268	272	276	280	284	288	292	296	300	304	308	312	316	320	324	328	332	336	340	344	348	352	356	360	364	368	372	376	380	384	388	393	397	401	405	409	413	417	421	425	429	433	437	441	445	449	453	457	461	465	469	473	477	481	485	489	495
s24	10425951	558009	167499	76351	42429	26849	18216	12953	9643	7412	5962	4855	4006	3224	2743	2487	2148	1879	1450	1408	1253	1131	996	875	824	769	664	611	570	516	459	440	378	379	345	333	324	246	262	270	249	226	208	208	171	155	145	150	144	134	122	127	115	113	102	104	104	75	82	80	94	69	84	65	59	64	48	49	38	56	35	49	56	38	52	31	49	34	39	38	31	31	30	28	35	21	24	26	29	21	25	19	20	17	21	25	21	29	24	17	18	16	10	11	15	13	24	10	14	14	11	9	13	13	13	14	8	12	11	9	8	14	11
	4	8	12	16	20	24	28	32	36	40	44	48	52	56	60	64	68	72	76	80	84	88	92	96	100	104	108	112	116	120	124	128	132	136	140	144	148	152	156	160	164	168	172	176	180	184	188	192	196	200	204	208	212	216	220	224	228	232	236	240	244	248	252	256	260	264	268	272	276	280	284	288	292	296	300	304	308	312	316	320	324	328	332	336	340	344	348	352	356	360	364	368	372	376	380	384	388	392	396	400	404	408	412	416	420	424	428	432	436	440	444	448	452	456	460	464	468	472	476	481	485	489	493	497
s25	8396752	391389	118532	55585	31715	20255	14174	10301	7992	6333	5032	4023	3619	2917	2588	2116	2009	1748	1530	1386	1214	1086	1037	982	808	794	754	690	599	549	491	505	480	445	394	364	335	311	277	287	279	292	229	226	203	224	193	193	184	168	168	152	180	132	139	142	128	101	107	99	97	98	93	82	89	61	85	80	72	89	70	79	66	51	60	52	54	48	42	47	41	38	50	36	32	30	41	32	44	45	31	30	37	35	34	33	29	28	26	28	17	30	18	19	29	24	15	17	27	25	18	15	18	13	17	12	18	14	15	16	13	17	15	14
	4	8	12	16	20	24	28	32	36	40	44	48	52	56	60	64	68	72	76	80	84	88	92	96	100	104	108	112	116	120	124	128	132	136	140	144	148	152	156	160	164	168	172	176	180	184	188	192	196	200	204	208	212	216	220	224	228	232	236	240	244	248	252	256	260	264	268	272	276	280	284	288	292	296	300	304	308	312	316	320	324	328	332	336	340	344	348	352	356	360	364	368	372	376	380	384	388	392	396	400	404	408	412	416	420	424	428	432	436	440	445	449	453	457	461	465	469	473	477	482	487	492	497
s26	6844848	326713	101204	47615	27369	17563	12043	8696	6677	5209	4056	3296	2826	2479	2030	1709	1492	1287	1183	1031	892	824	691	663	624	538	540	499	402	411	330	342	309	260	260	215	197	217	203	193	175	172	157	112	141	124	103	121	101	99	118	104	76	86	85	77	68	53	67	51	58	43	53	55	36	39	38	32	46	33	34	29	41	37	23	30	38	40	31	26	19	25	27	20	28	21	18	15	20	21	24	19	12	18	9	12	15	17	15	16	16	16	8	8	10	8	20	9	21	6	14	7	9	10	7	12	12	10	4	7	7	10	5
	4	8	12	16	20	24	28	32	36	40	44	48	52	56	60	64	68	72	76	80	84	88	92	96	100	104	108	112	116	120	124	128	132	136	140	144	148	152	156	160	164	168	172	176	180	184	188	192	196	200	204	208	212	216	220	224	228	232	236	240	244	248	252	256	260	264	268	272	276	280	284	288	292	296	300	304	308	312	316	320	324	328	332	336	340	344	348	352	356	360	364	368	372	376	380	384	388	392	396	400	404	408	412	416	420	424	428	432	436	440	444	448	452	456	460	464	468	472	476	480	484	488	492	496	500
s27	6730762	308920	96562	46340	26850	17553	12341	8967	7186	5525	4499	3787	3204	2666	2435	2060	1805	1613	1505	1358	1168	1094	955	908	842	783	648	643	603	578	534	522	455	420	403	399	385	307	302	303	261	289	248	235	215	209	205	190	186	216	168	173	161	164	146	142	142	139	124	107	96	99	110	122	111	99	116	67	89	85	52	65	81	77	68	68	72	63	60	49	50	46	63	55	42	40	44	39	44	47	45	43	52	48	35	31	35	31	28	25	36	30	23	30	25	21	21	24	21	22	30	25	22	13	29	24	26	16	21	23	13	20	23	10	13
	4	8	12	16	20	24	28	32	36	40	44	48	52	56	60	64	68	72	76	80	84	88	92	96	100	104	108	112	116	120	124	128	132	136	140	144	148	152	156	160	164	168	172	176	180	184	188	192	196	200	204	208	212	216	220	224	228	232	236	240	244	248	252	256	260	264	268	272	276	280	284	288	292	296	300	304	308	312	316	320	324	328	332	336	340	344	348	352	356	360	364	368	372	376	380	384	388	392	396	400	404	408	412	416	420	424	428	432	436	440	444	448	452	456	460	464	468	472	476	480	484	488	492	496
s28	5687221	277137	90233	44397	25855	17183	12013	9050	6840	5507	4470	3660	3191	2652	2242	1982	1788	1619	1365	1255	1134	1003	864	892	705	746	627	596	523	506	452	412	419	374	334	295	327	262	298	246	268	229	202	227	222	202	165	161	164	180	163	134	147	119	138	109	111	113	111	85	80	96	83	79	77	69	59	55	53	65	56	41	65	49	57	56	61	42	54	54	34	42	32	49	43	44	31	25	37	28	32	24	28	25	32	37	31	27	25	25	25	25	21	18	21	20	18	14	20	23	13	12	13	15	9	11	13	13	14	18	14	25	12	17
	4	8	12	16	20	24	28	32	36	40	44	48	52	56	60	64	68	72	76	80	84	88	92	96	100	104	108	112	116	120	124	128	132	136	140	144	148	152	156	160	164	168	172	176	180	184	188	192	196	200	204	208	212	216	220	224	228	232	236	240	244	248	252	256	260	264	268	272	276	280	284	288	292	296	300	304	308	312	316	320	324	328	332	336	340	344	348	352	356	360	364	368	372	376	380	384	388	392	396	400	404	408	412	416	420	424	428	432	436	440	444	448	452	457	461	466	470	476	480	484	488	493	497
s29	11278976	661536	200697	91398	50247	30720	20630	14589	10649	8220	6404	5139	4128	3351	2719	2397	2018	1774	1491	1258	1063	1021	889	757	726	633	542	541	443	400	361	363	311	292	274	232	218	202	199	174	177	165	152	138	130	120	125	112	82	88	80	82	100	74	57	84	77	68	58	48	49	59	58	46	44	36	26	43	41	48	37	33	30	27	24	25	24	22	33	27	23	26	18	23	18	14	23	21	14	18	11	8	16	13	18	16	14	12	9	11	6	9	19	12	8	11	9	7	9	13	5	7	8	5	16	8	8	4	5	6	8	5	7
	4	8	12	16	20	24	28	32	36	40	44	48	52	56	60	64	68	72	76	80	84	88	92	96	100	104	108	112	116	120	124	128	132	136	140	144	148	152	156	160	164	168	172	176	180	184	188	192	196	200	204	208	212	216	220	224	228	232	236	240	244	248	252	256	260	264	268	272	276	280	284	288	292	296	300	304	308	312	316	320	324	328	332	336	340	344	348	352	356	360	364	368	372	376	380	384	388	392	396	400	404	408	412	416	420	424	428	432	436	440	444	448	452	457	461	465	469	473	477	481	485	490	494	498
s30	10201836	523101	153345	69084	38144	23538	15687	11124	8376	6496	5023	3997	3329	2676	2238	1873	1721	1511	1272	1143	987	886	790	710	613	558	538	521	435	401	396	327	309	280	274	268	247	195	195	190	188	167	168	169	146	129	144	125	125	99	99	100	95	78	87	75	87	75	66	71	67	72	78	45	48	55	42	57	49	43	33	38	35	41	43	36	40	36	19	38	36	36	24	27	26	24	20	25	26	20	24	22	17	23	8	19	21	25	13	20	17	20	14	17	15	18	18	16	12	17	17	14	12	10	11	5	12	11	20	18	10	14	10	11
	4	8	12	16	20	24	28	32	36	40	44	48	52	56	60	64	68	72	76	80	84	88	92	96	100	104	108	112	116	120	124	128	132	136	140	144	148	152	156	160	164	168	172	176	180	184	188	192	196	200	204	208	212	216	220	224	228	232	236	240	244	248	252	256	260	264	268	272	276	280	284	288	292	296	300	304	308	312	316	320	324	328	332	336	340	344	348	352	356	360	364	368	372	376	380	384	388	392	396	400	404	408	412	416	420	424	428	432	436	440	444	449	453	457	461	465	469	473	477	481	485	489	493	497
s31	9700148	539632	165040	76416	42433	26904	18407	13161	9935	7770	6029	4864	4010	3518	2788	2409	2039	1823	1634	1415	1254	1088	1007	946	827	678	669	569	594	497	461	393	393	362	329	328	275	287	259	237	243	232	196	200	179	186	164	161	165	124	148	120	135	119	109	99	102	100	102	93	111	75	79	81	70	76	69	56	61	77	47	41	66	43	44	57	57	42	27	42	35	40	30	31	37	26	36	31	36	38	30	26	27	30	32	26	23	32	24	26	31	17	19	20	28	17	14	20	18	19	15	17	19	21	19	15	15	13	21	23	17	13	15	20
	4	8	12	16	20	24	28	32	36	40	44	48	52	56	60	64	68	72	76	80	84	88	92	96	100	104	108	112	116	120	124	128	132	136	140	144	148	152	156	160	164	168	172	176	180	184	188	192	196	200	204	208	212	216	220	224	228	232	236	240	244	248	252	256	260	264	268	272	276	280	284	288	292	296	300	304	308	312	316	320	324	328	332	336	340	344	348	352	356	360	364	368	372	376	380	384	388	392	396	400	404	408	412	416	420	424	428	432	436	440	444	448	452	456	460	464	468	472	476	480	484	488	492	496	500
s32	9029124	431607	128077	59323	33603	21456	14805	10841	8248	6473	5301	4252	3668	3226	2667	2351	2036	1761	1563	1386	1308	1155	1072	965	862	857	686	691	645	582	575	505	448	427	409	372	351	376	362	338	315	275	273	268	250	207	211	181	200	194	185	183	154	153	163	153	132	143	135	122	132	137	100	116	114	96	96	97	93	82	101	76	75	73	78	73	85	58	65	72	53	61	57	65	53	49	57	56	56	53	45	46	39	46	39	37	43	33	47	36	33	30	42	32	23	24	20	23	31	31	23	26	22	18	19	24	23	19	15	23	26	24	20	19	18
	4	8	12	16	20	24	28	32	36	40	44	48	52	56	60	64	68	72	76	80	84	88	92	96	100	104	108	112	116	120	124	128	132	136	140	144	148	152	156	160	164	168	172	176	180	184	188	192	196	200	204	208	212	216	220	224	228	232	236	240	244	248	252	256	260	264	268	272	276	280	284	288	292	296	300	304	308	312	316	320	324	328	332	336	340	344	348	352	356	360	364	368	372	376	380	384	388	392	396	400	404	408	412	416	420	424	428	432	436	440	444	448	452	456	460	464	468	472	476	480	484	488	492	496	500
s33	9062490	484290	154020	73688	42766	27870	19607	14568	11129	8952	7188	5982	5049	4306	3628	3205	2904	2494	2165	2082	1848	1632	1458	1405	1285	1148	1049	970	927	833	800	743	690	668	630	587	532	555	498	450	444	392	402	334	339	345	304	300	306	294	285	237	227	215	193	225	206	212	205	202	184	173	162	167	148	146	151	121	139	115	113	84	118	120	97	95	98	104	109	94	102	78	71	81	83	72	74	84	57	61	71	73	59	69	50	62	49	43	47	53	55	35	41	47	46	39	47	40	38	39	40	44	39	32	32	27	31	30	40	31	27	25	33	24	34
	4	8	12	16	20	24	28	32	36	40	44	48	52	56	60	64	68	72	76	80	84	88	92	96	100	104	108	112	116	120	124	128	132	136	140	144	148	152	156	160	164	168	172	176	180	184	188	192	196	200	204	208	212	216	220	224	228	232	236	240	244	248	252	256	260	264	268	272	276	280	284	288	292	296	300	304	308	312	316	320	324	328	332	336	340	344	348	352	356	360	364	368	372	376	380	384	388	392	396	400	404	408	412	416	420	424	428	432	436	440	444	448	452	456	460	464	468	472	476	480	484	488	492	496	500
s34	8441739	383342	112108	51455	29399	18910	13292	9781	7737	6054	4921	4131	3360	2970	2645	2261	2042	1660	1542	1428	1306	1191	1023	972	933	892	793	728	701	613	552	570	506	441	424	457	383	391	309	340	329	297	292	263	265	231	204	227	208	200	190	202	192	142	163	171	168	145	129	124	142	102	135	119	101	91	111	99	104	91	86	81	76	83	75	67	80	79	62	59	51	75	54	66	53	50	54	54	48	56	45	46	45	40	54	46	36	32	44	35	34	37	28	44	38	26	21	23	33	32	30	29	28	23	22	23	25	21	24	20	26	28	21	13	18
	4	8	12	16	20	24	28	32	36	40	44	48	52	56	60	64	68	72	76	80	84	88	92	96	100	104	108	112	116	120	124	128	132	136	140	144	148	152	156	160	164	168	172	176	180	184	188	192	196	200	204	208	212	216	220	224	228	232	236	240	244	248	252	256	260	264	268	272	276	280	284	288	292	296	300	304	308	312	316	320	324	328	332	336	340	344	348	352	356	360	364	368	372	376	380	384	388	392	396	400	404	408	412	416	420	424	428	432	436	440	444	448	452	456	460	464	468	472	476	480	484	488	492	496	500
s35	7681579	397273	128318	62029	36403	23914	16667	12499	9591	7667	6196	5095	4299	3574	3262	2733	2396	2131	2029	1674	1545	1396	1265	1166	1086	978	912	831	759	699	594	618	567	493	473	508	474	407	398	395	358	348	293	290	266	324	252	241	247	232	210	194	178	198	158	169	158	162	130	123	116	138	133	122	145	92	105	123	111	98	106	97	78	92	96	87	74	68	57	71	59	60	73	52	57	56	59	49	47	36	49	48	51	47	26	36	37	42	36	38	40	26	31	36	33	33	30	30	31	32	27	23	23	29	29	25	21	23	26	24	26	18	26	24	17
	4	8	12	16	20	24	28	32	36	40	44	48	52	56	60	64	68	72	76	80	84	88	92	96	100	104	108	112	116	120	124	128	132	136	140	144	148	152	156	160	164	168	172	176	180	184	188	192	196	200	204	208	212	216	220	224	228	232	236	240	244	248	252	256	260	264	268	272	276	280	284	288	292	296	300	304	308	312	316	320	324	328	332	336	340	344	348	352	356	360	364	368	372	376	380	384	389	393	397	401	405	409	413	417	421	425	429	433	437	441	445	449	453	457	462	467	471	476	480	484	488	494	498
s36	11947795	715427	213528	95088	51865	31617	20886	14774	10769	8239	6168	4953	4020	3304	2765	2281	1973	1604	1463	1294	1075	948	861	833	682	602	540	515	472	398	360	346	323	279	259	253	242	186	208	168	161	179	135	142	128	142	101	113	88	107	88	76	74	74	63	69	81	66	60	67	57	58	48	42	40	39	46	51	41	30	27	32	30	35	22	25	22	42	22	27	26	25	31	20	15	21	15	22	16	12	13	25	20	11	15	15	10	13	13	14	16	7	7	10	9	8	10	9	9	9	10	9	10	5	11	8	8	5	6	7	9	7	5
	4	8	12	16	20	24	28	32	36	40	44	48	52	56	60	64	68	72	76	80	84	88	92	96	100	104	108	112	116	120	124	128	132	136	140	144	148	152	156	160	164	168	172	176	180	184	188	192	196	200	204	208	212	216	220	224	228	232	236	240	244	248	252	256	260	264	268	272	276	280	284	288	292	296	300	304	308	312	316	320	324	328	332	336	340	344	348	352	356	360	364	368	372	376	380	384	388	392	396	400	404	408	412	416	420	424	428	432	436	440	444	448	452	456	460	464	468	472	476	480	484	488	492	496	500
s37	10583812	567898	173669	79926	45685	28706	19770	14566	11106	8640	6987	5726	4744	4075	3431	3012	2557	2280	2084	1807	1652	1454	1370	1216	1102	1031	933	876	767	741	672	638	607	579	493	512	464	428	391	355	352	329	358	291	286	256	237	233	262	196	213	202	209	205	161	166	137	169	137	136	132	126	121	110	109	111	111	97	100	106	95	95	95	77	75	76	86	73	69	62	67	66	60	60	60	58	61	49	43	52	56	48	39	44	41	33	43	51	30	30	31	38	39	36	40	32	25	31	33	25	24	17	21	22	17	25	30	28	23	25	21	16	20	18	19
	4	8	12	16	20	24	28	32	36	40	44	48	52	56	60	64	68	72	76	80	84	88	92	96	100	104	108	112	116	120	124	128	132	136	140	144	148	152	156	160	164	168	172	176	180	184	188	192	196	200	204	208	212	216	220	224	228	232	236	240	244	248	252	256	260	264	268	272	276	280	284	288	292	296	300	304	308	312	316	320	324	328	332	336	340	344	348	352	356	360	364	368	372	376	380	384	388	392	396	400	404	408	412	416	420	424	428	432	437	441	445	449	453	457	461	465	469	473	477	481	485	489	493	497
s38	9137486	481583	151898	71515	41400	26410	18397	13190	10111	7891	6299	5179	4249	3647	3098	2616	2338	1982	1752	1562	1426	1233	1123	1034	932	862	743	707	632	602	516	532	482	462	426	368	348	334	288	295	249	269	251	201	226	205	181	185	151	191	151	149	128	168	115	126	117	108	116	91	88	89	77	66	101	70	91	73	79	64	63	67	67	37	57	48	38	49	54	46	47	33	38	30	45	31	27	37	28	25	28	43	20	21	32	31	25	22	26	21	23	25	24	26	21	18	17	13	10	20	20	13	21	12	14	10	22	9	13	10	21	12	10	9
	4	8	12	16	20	24	28	32	36	40	44	48	52	56	60	64	68	72	76	80	84	88	92	96	100	104	108	112	116	120	124	128	132	136	140	144	148	152	156	160	164	168	172	176	180	184	188	192	196	200	204	208	212	216	220	224	228	232	236	240	244	248	252	256	260	264	268	272	276	280	284	288	292	296	300	304	308	312	316	320	324	328	332	336	340	344	348	352	356	360	364	368	372	376	380	384	388	392	396	400	404	408	412	416	420	424	428	432	436	440	444	448	452	456	460	464	468	472	476	480	484	488	492	496	500
s39	7760282	353592	107577	50716	29459	19260	13118	9828	7251	5950	4885	4027	3355	2901	2476	2159	1884	1701	1479	1357	1207	1082	1003	921	915	788	765	674	648	575	568	505	478	425	369	409	357	332	307	294	315	282	293	232	233	222	228	200	170	183	154	173	144	147	146	137	152	127	119	121	112	110	97	96	99	82	78	92	94	81	81	91	83	64	63	62	77	49	50	66	49	59	57	59	53	33	46	59	49	47	34	56	34	33	34	25	35	43	31	36	38	34	28	24	24	21	23	23	20	15	24	27	20	17	24	16	17	14	23	24	18	16	19	12	16
	4	8	12	16	20	24	28	32	36	40	44	48	52	56	60	64	68	72	76	80	84	88	92	96	100	104	108	112	116	120	124	128	132	136	140	144	148	152	156	160	164	168	172	176	180	184	188	192	196	200	204	208	212	216	220	224	228	232	236	240	244	248	252	256	260	264	268	272	276	280	284	288	292	296	300	304	308	312	316	320	324	328	332	336	340	344	348	352	356	360	364	368	372	376	380	384	388	392	396	400	404	408	412	416	420	424	428	432	436	440	444	448	452	456	460	464	468	472	476	480	484	488	492	496	500
s40	8693468	467712	147047	68474	39146	25167	17553	12671	9513	7624	5766	4958	4020	3399	3008	2494	2146	1860	1697	1457	1300	1165	1092	950	835	815	734	672	607	584	508	489	480	415	381	360	342	331	301	274	277	283	240	234	221	212	211	169	181	180	196	135	142	124	128	124	128	110	114	123	102	114	88	94	97	90	87	88	70	93	63	65	79	66	74	49	55	53	57	53	59	49	51	55	52	49	52	36	49	33	39	42	30	46	37	30	33	19	37	25	34	34	27	27	27	17	20	22	23	20	29	16	31	25	16	27	17	13	21	24	17	16	14	27	20
	4	8	12	16	20	24	28	32	36	40	44	48	52	56	60	64	68	72	76	80	84	88	92	96	100	104	108	112	116	120	124	128	132	136	140	144	148	152	156	160	164	168	172	176	180	184	188	192	196	200	204	208	212	216	220	224	228	232	236	240	244	248	252	256	260	264	268	272	276	280	284	288	292	296	300	304	308	312	316	320	324	328	332	336	340	344	348	352	356	360	364	368	372	376	380	384	388	392	396	400	404	408	412	416	420	424	428	432	436	440	444	448	452	456	460	464	468	474	479	483	488	492	496	500
s41	12903376	790276	237843	106822	58502	35733	23628	16608	12366	9363	7210	5708	4680	3869	3170	2778	2308	1973	1720	1520	1353	1180	1041	858	833	722	660	606	547	483	463	433	397	342	311	269	291	311	253	232	230	188	207	172	168	152	139	162	143	119	126	108	110	107	84	104	88	73	74	62	80	71	65	69	75	65	53	35	57	50	42	44	49	48	35	41	49	33	36	23	33	41	30	29	27	27	23	25	35	22	20	15	21	21	19	19	13	17	20	21	22	17	25	17	4	17	20	12	11	16	22	10	15	13	15	7	9	10	12	8	8	6	4	7
	4	8	12	16	20	24	28	32	36	40	44	48	52	56	60	64	68	72	76	80	84	88	92	96	100	104	108	112	116	120	124	128	132	136	140	144	148	152	156	160	164	168	172	176	180	184	188	192	196	200	204	208	212	216	220	224	228	232	236	240	244	248	252	256	260	264	268	272	276	280	284	288	292	296	300	304	308	312	316	320	324	328	332	336	340	344	348	352	356	360	364	368	372	376	380	384	388	392	396	400	404	408	412	416	420	424	428	432	436	440	444	448	452	456	460	464	468	472	476	480	484	488	492	496	500
s42	10685897	597688	190142	90330	52278	33936	23466	17276	13273	10352	8417	6897	5703	4779	4219	3664	3180	2741	2490	2189	1923	1759	1613	1459	1314	1239	1198	1078	970	905	874	772	763	658	691	628	590	589	522	456	454	452	415	402	352	329	337	317	293	273	282	264	251	265	229	221	230	200	214	196	185	152	154	174	157	159	165	139	136	135	157	110	117	127	120	126	116	100	95	88	108	82	95	74	68	84	77	87	62	75	81	68	78	65	56	72	65	67	56	52	64	44	45	50	58	42	46	55	55	42	47	48	62	38	43	40	43	41	33	40	37	36	41	37	29
	4	8	12	16	20	24	28	32	36	40	44	48	52	56	60	64	68	72	76	80	84	88	92	96	100	104	108	112	116	120	124	128	132	136	140	144	148	152	156	160	164	168	172	176	180	184	188	192	196	200	204	208	212	216	220	224	228	232	236	240	244	248	252	256	260	264	268	272	276	280	284	288	292	296	300	304	308	312	316	320	324	328	332	336	340	344	348	352	356	360	364	368	372	376	380	384	388	392	396	400	404	408	412	416	420	424	428	432	436	440	444	448	452	456	460	464	468	472	476	480	484	488	492	496	500
s43	11002902	690216	218231	101798	57003	36149	24627	17386	13169	10109	8207	6585	5485	4488	3887	3315	2881	2528	2239	1981	1739	1519	1478	1284	1158	1049	921	899	796	719	716	643	592	542	502	511	428	435	407	382	338	327	317	286	302	276	256	220	236	214	193	210	212	166	190	150	131	153	129	133	110	110	111	114	99	101	102	85	97	97	93	83	88	86	81	72	74	86	63	73	76	67	54	62	56	54	61	48	54	50	66	48	38	43	32	45	35	43	37	40	36	33	35	29	37	34	38	22	29	19	25	22	21	26	23	23	25	11	25	17	24	22	15	24	21
	4	8	12	16	20	24	28	32	36	40	44	48	52	56	60	64	68	72	76	80	84	88	92	96	100	104	108	112	116	120	124	128	132	136	140	144	148	152	156	160	164	168	172	176	180	184	188	192	196	200	204	208	212	216	220	224	228	232	236	240	244	248	252	256	260	264	268	272	276	280	284	288	292	296	300	304	308	312	316	320	324	328	332	336	340	344	348	352	356	360	364	368	372	376	380	384	388	392	396	400	404	408	412	416	420	424	428	432	436	440	444	448	452	456	460	464	468	472	476	480	484	488	492	496	500
s44	12168165	594254	164185	70696	38381	23150	15196	10740	7886	5889	4634	3705	3063	2460	2080	1762	1504	1302	1127	961	842	788	643	612	556	500	442	366	365	330	302	293	258	252	242	207	189	184	164	152	165	137	117	125	90	116	115	95	106	98	84	89	72	62	82	64	56	58	52	59	62	51	51	48	44	57	42	39	48	32	39	49	36	34	32	24	39	30	28	22	31	34	21	34	19	29	23	24	22	20	23	14	18	23	21	12	13	12	14	13	16	13	17	18	17	23	8	17	14	9	16	8	16	19	6	11	9	8	8	13	12	9	5	10	8
	4	8	12	16	20	24	28	32	36	40	44	48	52	56	60	64	68	72	76	80	84	88	92	96	100	104	108	112	116	120	124	128	132	136	140	144	148	152	156	160	164	168	172	176	180	184	188	192	196	200	204	208	212	216	220	224	228	232	236	240	244	248	252	256	260	264	268	272	276	280	284	288	292	296	300	304	308	312	316	320	324	328	332	336	340	344	348	352	356	360	364	368	372	376	380	384	388	392	396	400	404	408	412	416	420	424	428	432	436	440	444	448	452	456	460	464	468	472	476	480	484	488	492	496	500
s45	9715599	562217	182575	88394	51448	33570	23635	17339	13163	10518	8527	7162	6061	5145	4316	3712	3318	2850	2604	2374	2107	1875	1701	1564	1488	1323	1267	1143	1023	978	876	871	799	685	712	649	599	593	520	528	456	435	466	397	408	336	370	335	335	300	259	313	266	268	244	224	252	204	237	224	185	178	197	178	169	157	179	137	142	128	133	141	145	108	100	133	112	98	109	102	104	99	92	100	90	110	73	88	83	101	70	70	63	90	64	71	53	64	52	54	60	42	57	48	57	51	43	50	44	52	43	51	36	39	35	44	44	40	34	49	36	32	39	37	37
	4	8	12	16	20	24	28	32	36	40	44	48	52	56	60	64	68	72	76	80	84	88	92	96	100	104	108	112	116	120	124	128	132	136	140	144	148	152	156	160	164	168	172	176	180	184	188	192	196	200	204	208	212	216	220	224	228	232	236	240	244	248	252	256	260	264	268	272	276	280	284	288	292	296	300	304	308	312	316	320	324	328	332	336	340	344	348	352	356	360	364	368	372	376	380	384	388	392	396	400	404	408	412	416	420	424	428	432	436	440	444	448	452	456	460	464	468	472	476	480	484	488	492	496	500
s46	11255893	658972	207160	97500	56155	36148	25305	18186	13925	10902	8691	7182	5935	5143	4312	3636	3373	2830	2587	2325	2068	1823	1763	1543	1469	1341	1222	1118	988	988	870	828	773	677	633	618	578	539	500	519	504	452	420	394	353	382	359	319	342	302	236	275	287	242	242	226	223	224	197	195	188	185	179	149	149	165	168	140	140	144	119	145	135	120	111	101	92	110	107	108	99	81	98	68	65	85	78	77	87	79	74	62	62	71	76	55	75	51	42	52	50	70	58	61	42	43	44	48	34	40	32	36	30	27	42	35	44	38	38	38	32	30	31	24	34
	4	8	12	16	20	24	28	32	36	40	44	48	52	56	60	64	68	72	76	80	84	88	92	96	100	104	108	112	116	120	124	128	132	136	140	144	148	152	156	160	164	168	172	176	180	184	188	192	196	200	204	208	212	216	220	224	228	232	236	240	244	248	252	256	260	264	268	272	276	280	284	288	292	296	300	304	308	312	316	320	324	328	332	336	340	344	348	352	356	360	364	368	372	376	380	384	388	392	396	400	404	408	412	416	420	424	428	432	436	440	444	448	452	456	460	464	468	472	476	480	484	488	492	496	500
s47	14002543	833949	249802	112950	62933	38906	26332	18656	14091	10946	8663	7080	5778	4761	3934	3383	2999	2573	2269	2018	1754	1537	1480	1269	1151	1071	949	918	884	804	710	629	586	584	555	484	456	432	380	399	375	343	310	315	292	263	242	228	198	229	217	196	180	178	151	150	185	177	128	125	151	132	138	129	114	117	131	92	87	109	82	83	90	78	85	70	87	58	75	65	60	56	61	62	64	61	49	42	61	50	51	43	43	37	46	54	25	42	44	36	40	39	32	31	36	26	35	33	28	32	30	39	28	31	33	23	26	29	27	22	25	32	27	23	26
	4	8	12	16	20	24	28	32	36	40	44	48	52	56	60	64	68	72	76	80	84	88	92	96	100	104	108	112	116	120	124	128	132	136	140	144	148	152	156	160	164	168	172	176	180	184	188	192	196	200	204	208	212	216	220	224	228	232	236	240	244	248	252	256	260	264	268	272	276	280	284	288	292	296	300	304	308	312	316	320	324	328	332	336	340	344	348	352	356	360	364	368	372	376	380	384	388	392	396	400	404	408	412	416	420	424	428	432	436	440	444	448	452	456	460	464	468	472	476	480	484	488	492	496	500
s48	11917963	723243	229006	107837	61955	39292	27382	19761	14960	11778	9262	7751	6291	5346	4654	4021	3465	3154	2636	2379	2127	1954	1742	1506	1433	1320	1222	1110	945	962	906	849	779	726	663	622	551	542	571	475	478	450	390	352	378	361	313	313	311	274	306	234	241	222	202	215	215	189	182	167	176	191	137	164	147	134	133	129	123	94	95	111	124	118	95	86	104	74	91	96	67	78	82	74	81	73	60	71	67	81	52	65	56	69	52	54	76	48	57	62	41	58	42	34	49	51	40	41	42	32	40	41	37	29	38	34	34	32	31	22	18	18	36	32	29
	4	8	12	16	20	24	28	32	36	40	44	48	52	56	60	64	68	72	76	80	84	88	92	96	100	104	108	112	116	120	124	128	132	136	140	144	148	152	156	160	164	168	172	176	180	184	188	192	196	200	204	208	212	216	220	224	228	232	236	240	244	248	252	256	260	264	268	272	276	280	284	288	292	296	300	304	308	312	316	320	324	328	332	336	340	344	348	352	356	360	364	368	372	376	380	384	388	392	396	400	404	408	412	416	420	424	428	432	436	440	444	448	452	456	460	464	468	472	476	480	484	488	492	496	500
s49	10963517	638740	204611	97188	56070	36169	25147	18377	13867	11381	9045	7281	6125	5250	4605	3822	3450	3024	2661	2373	2285	1890	1778	1623	1506	1373	1248	1145	1098	1001	906	911	806	779	742	691	661	596	608	555	511	469	495	400	446	398	414	358	335	329	326	330	327	241	262	253	262	263	241	227	191	198	170	186	174	185	181	173	159	143	152	131	142	115	125	131	134	114	123	126	102	94	109	114	104	103	98	97	106	85	89	98	83	82	70	76	74	82	75	78	80	64	62	56	53	43	56	64	62	53	57	50	34	44	39	39	60	54	47	50	43	40	50	41	43
	4	8	12	16	20	24	28	32	36	40	44	48	52	56	60	64	68	72	76	80	84	88	92	96	100	104	108	112	116	120	124	128	132	136	140	144	148	152	156	160	164	168	172	176	180	184	188	192	196	200	204	208	212	216	220	224	228	232	236	240	244	248	252	256	260	264	268	272	276	280	284	288	292	296	300	304	308	312	316	320	324	328	332	336	340	344	348	352	356	360	364	368	372	376	380	384	388	392	396	400	404	408	412	416	420	424	428	432	436	440	444	448	452	456	460	464	468	472	476	480	484	488	492	496	500
s50	11281766	663634	214236	103401	59856	38868	26933	19844	15063	11783	9646	7996	6582	5601	4842	4072	3662	3258	2802	2586	2358	2052	1953	1716	1581	1437	1297	1245	1145	1078	1009	961	913	819	780	743	708	674	605	563	554	516	487	479	478	389	381	375	391	356	322	304	349	311	308	256	259	249	267	256	225	212	216	189	194	191	172	183	181	136	156	124	155	156	135	154	129	131	117	112	113	142	115	100	116	108	99	115	88	83	104	96	88	84	70	72	73	70	69	63	65	67	69	46	63	51	57	61	53	46	67	57	56	59	44	47	57	61	40	39	38	46	40	49	45
	4	8	12	16	20	24	28	32	36	40	44	48	52	56	60	64	68	72	76	80	84	88	92	96	100	104	108	112	116	120	124	128	132	136	140	144	148	152	156	160	164	168	172	176	180	184	188	192	196	200	204	208	212	216	220	224	228	232	236	240	244	248	252	256	260	264	268	272	276	280	284	288	292	296	300	304	308	312	316	320	324	328	332	336	340	344	348	352	356	360	364	368	372	376	380	384	388	392	396	400	404	408	412	416	420	424	428	432	436	440	444	448	452	456	460	464	468	472	476	481	485	489	493	498
s51	8179309	394729	121078	56359	31846	20398	13970	10162	7578	6122	4759	3977	3308	2794	2386	2011	1727	1563	1434	1239	1076	1017	927	811	718	647	596	575	557	486	468	395	402	377	315	322	296	284	246	254	205	229	209	183	152	170	149	140	140	141	119	143	125	121	125	108	95	101	77	83	81	70	85	75	62	58	57	71	52	70	50	52	47	48	49	49	42	38	41	49	37	39	36	34	37	29	34	29	28	22	35	32	21	19	23	25	22	25	22	14	17	17	22	20	20	13	14	21	14	22	17	16	14	11	21	18	11	12	16	12	17	11	17	13
	4	8	12	16	20	24	28	32	36	40	44	48	52	56	60	64	68	72	76	80	84	88	92	96	100	104	108	112	116	120	124	128	132	136	140	144	148	152	156	160	164	168	172	176	180	184	188	192	196	200	204	208	212	216	220	224	228	232	236	240	244	248	252	256	260	264	268	272	276	280	284	288	292	296	300	304	308	312	316	320	324	328	332	336	340	344	348	352	356	360	364	368	372	376	380	384	388	392	396	400	404	408	412	416	420	424	428	432	436	440	444	448	452	456	460	464	468	472	476	480	484	488	492	496	500
s52	7215485	350808	106973	50158	28529	18216	12835	9522	7160	5661	4597	3941	3146	2813	2316	2061	1748	1550	1420	1288	1126	1084	967	855	773	725	625	591	566	569	494	445	450	380	395	366	312	284	303	318	243	266	240	230	202	202	209	188	139	147	146	148	146	120	128	119	115	120	126	99	90	101	109	98	90	78	83	85	78	65	78	58	53	64	56	70	47	59	44	50	55	55	52	48	40	32	44	39	42	35	41	26	40	41	38	23	49	42	37	34	32	21	25	28	20	28	27	19	20	24	20	19	25	18	21	24	29	17	25	17	20	17	17	23	17
	4	8	12	16	20	24	28	32	36	40	44	48	52	56	60	64	68	72	76	80	84	88	92	96	100	104	108	112	116	120	124	128	132	136	140	144	148	152	156	160	164	168	172	176	180	184	188	192	196	200	204	208	212	216	220	224	228	232	236	240	244	248	252	256	260	264	268	272	276	280	284	288	292	296	300	304	308	312	316	320	324	328	332	336	340	344	348	352	356	360	364	368	372	376	380	384	388	392	396	400	404	408	412	416	420	424	428	432	436	440	444	448	452	456	460	464	469	473	477	481	485	489	493	497
s53	9705784	498725	155730	72913	42171	26718	18785	13751	10516	8414	6509	5479	4646	3756	3528	2935	2452	2251	2026	1760	1481	1410	1329	1201	1119	974	926	806	779	692	673	595	591	536	522	484	432	431	382	378	371	324	345	310	299	293	290	229	227	194	238	206	186	186	180	175	159	164	131	161	130	128	131	124	114	130	119	103	96	106	96	91	72	81	86	98	79	76	72	71	70	64	73	69	75	62	45	66	59	53	40	42	45	43	49	45	40	42	48	49	33	41	25	44	34	31	31	33	27	41	19	23	32	25	42	23	24	23	28	22	31	25	25	22
	4	8	12	16	20	24	28	32	36	40	44	48	52	56	60	64	68	72	76	80	84	88	92	96	100	104	108	112	116	120	124	128	132	136	140	144	148	152	156	160	164	168	172	176	180	184	188	192	196	200	204	208	212	216	220	224	228	232	236	240	244	248	252	256	260	264	268	272	276	280	284	288	292	296	300	304	309	313	318	322	327	331	335	340	344	348	352	357	361	366	370	374	378	383	387	392	396	403	407	412	417	423	427	431	435	441	447	454	462	466	472	479	485	492	498
s54	10114101	480372	132293	56703	29596	17680	11573	8062	5881	4242	3277	2566	2112	1746	1360	1123	1030	860	702	639	533	476	396	381	350	288	266	223	246	189	206	174	160	136	131	123	100	111	94	86	96	100	79	73	53	66	64	45	57	48	42	38	43	37	32	39	38	28	24	27	26	22	28	22	25	14	25	18	15	10	15	15	17	15	15	20	12	12	17	9	13	10	8	7	10	5	10	6	9	12	7	15	7	8	7	10	6	6	5	8	5	3	3	8	11	4	5	5	7	9	4	4	6	4	4
	4	8	12	16	20	24	28	32	36	40	44	48	52	56	60	64	68	72	76	80	84	88	92	96	100	104	108	112	116	120	124	128	132	136	140	144	148	152	156	160	164	168	172	176	180	184	188	192	196	200	204	208	212	216	220	224	228	232	236	240	244	248	252	256	260	264	268	272	276	280	284	288	292	296	300	304	308	312	316	320	324	328	332	336	340	344	348	352	356	360	364	368	372	376	380	384	388	392	396	400	404	408	412	416	420	424	428	432	436	440	444	448	452	456	460	464	468	472	476	480	484	488	492	496	500
s55	8583773	456331	148857	71903	42116	27802	19546	14319	11087	8862	7147	5932	4910	4258	3665	3137	2860	2502	2161	1980	1783	1495	1461	1340	1194	1134	987	911	891	840	747	720	632	655	571	552	517	503	456	426	381	388	374	365	332	296	318	267	273	287	240	224	216	233	223	184	188	168	186	170	154	170	145	151	145	141	131	115	124	123	108	120	105	110	118	93	98	90	95	87	79	79	85	63	82	75	73	65	61	59	64	54	64	62	66	41	56	61	47	69	49	52	44	48	48	40	41	35	36	32	37	32	31	39	28	34	38	29	35	28	32	35	27	35	22
	4	8	12	16	20	24	28	32	36	40	44	48	52	56	60	64	68	72	76	80	84	88	92	96	100	104	108	112	116	120	124	128	132	136	140	144	148	152	156	160	164	168	172	176	180	184	188	192	196	200	204	208	212	216	220	224	228	232	236	240	244	248	252	256	260	264	268	272	276	280	284	288	292	296	300	304	308	312	316	320	324	328	332	336	340	344	348	352	356	360	364	368	372	376	380	384	388	392	396	400	404	408	412	416	420	424	428	432	436	440	444	448	452	456	460	464	470	474	478	483	487	491	496	500
s56	10808791	576504	171266	77537	42772	26506	17740	12665	9288	7142	5689	4469	3512	2971	2512	2192	1863	1486	1410	1196	1070	915	806	741	642	621	553	507	450	422	409	346	322	290	269	287	234	243	189	178	189	203	166	163	163	122	133	115	108	113	104	100	91	92	88	75	69	64	72	60	53	62	51	40	64	52	44	50	32	55	47	45	38	32	44	28	24	31	30	32	24	37	32	25	24	20	25	17	18	15	28	13	21	23	19	15	13	12	15	13	16	13	17	15	18	19	12	16	14	13	14	9	9	10	13	10	8	8	10	12	9	11	8	6
	4	8	12	16	20	24	28	32	36	40	44	48	52	56	60	64	68	72	76	80	84	88	92	96	100	104	108	112	116	120	124	128	132	136	140	144	148	152	156	160	164	168	172	176	180	184	188	192	196	200	204	208	212	216	220	224	228	232	236	240	244	248	252	256	260	264	268	272	276	280	284	288	292	296	300	304	308	312	316	320	324	328	332	336	340	344	348	352	356	360	364	368	372	376	380	384	388	392	396	400	404	408	412	416	420	424	428	432	436	440	444	448	452	456	460	464	468	472	476	480	484	488	492	496	500
s57	8701139	439825	135790	64282	37152	24041	16691	12268	9595	7499	6342	5165	4374	3823	3272	2855	2456	2179	1962	1748	1525	1490	1308	1179	1097	988	959	823	846	720	684	675	633	598	637	527	471	493	437	396	372	342	344	337	292	298	277	304	267	246	253	226	218	226	182	210	183	196	163	145	150	119	116	147	120	127	127	129	126	126	127	109	103	107	115	111	82	109	94	99	94	89	75	75	76	82	77	64	62	70	55	66	53	49	54	66	54	52	48	58	41	54	50	46	52	43	34	44	37	36	38	39	38	25	29	35	30	32	42	27	22	28	18	41	26
	4	8	12	16	20	24	28	32	36	40	44	48	52	56	60	64	68	72	76	80	84	88	92	96	100	104	108	112	116	120	124	128	132	136	140	144	148	152	156	160	164	168	172	176	180	184	188	192	196	200	204	208	212	216	220	224	228	232	236	240	244	248	252	256	260	264	268	272	276	280	284	288	292	296	300	304	308	312	316	320	324	328	332	336	340	344	348	352	356	360	364	368	372	376	380	384	388	392	396	400	404	408	412	416	420	424	428	432	436	440	444	448	452	456	460	464	468	472	476	480	484	488	492	496	500
s58	9320720	455624	137485	63814	36576	23256	16285	12104	9180	7163	5810	4929	4041	3417	3032	2677	2277	2025	1852	1603	1480	1311	1167	1058	1021	926	845	835	771	683	656	603	547	527	510	442	454	387	373	371	348	307	292	300	276	274	268	243	228	219	219	168	191	182	176	165	163	133	152	132	148	127	135	124	130	108	104	112	101	112	98	89	92	78	77	84	75	74	76	75	67	62	54	61	40	42	49	55	44	42	53	51	44	45	46	44	52	32	50	40	37	22	27	29	30	28	25	25	33	30	29	27	25	27	26	22	26	20	25	27	15	24	20	20	17
	4	8	12	16	20	24	28	32	36	40	44	48	52	56	60	64	68	72	76	80	84	88	92	96	100	104	108	112	116	120	124	128	132	136	140	144	148	152	156	160	164	168	172	176	180	184	188	192	196	200	204	208	212	216	220	224	228	232	236	240	244	248	252	256	260	264	268	272	276	280	284	288	292	296	300	304	308	312	316	320	324	328	332	336	340	344	348	352	356	360	364	368	372	376	380	384	388	392	396	400	404	408	412	416	420	424	428	432	436	440	444	448	452	456	460	464	468	472	476	480	484	488	492	496	500
s59	11292510	659717	211465	100881	57967	37427	26246	18816	13975	11172	8755	7276	5928	4998	4274	3605	3229	2789	2506	2095	1929	1660	1521	1451	1269	1112	1062	960	880	813	753	675	640	602	576	526	503	502	427	424	383	401	375	335	296	295	261	280	251	245	253	219	209	199	200	167	189	172	148	157	151	158	140	124	132	124	112	120	96	122	88	89	96	81	82	88	75	69	80	70	75	70	49	50	66	59	45	48	49	35	47	52	50	50	43	35	43	44	38	38	42	24	30	34	35	30	28	22	25	32	36	19	17	21	32	25	27	25	30	22	25	26	27	24	23
	4	8	12	16	20	24	28	32	36	40	44	48	52	56	60	64	68	72	76	80	84	88	92	96	100	104	108	112	116	120	124	128	132	136	140	144	148	152	156	160	164	168	172	176	180	184	188	192	196	200	204	208	212	216	220	224	228	232	236	240	244	248	252	256	260	264	268	272	276	280	284	288	292	296	300	304	308	312	316	320	324	328	332	336	340	344	348	352	356	360	364	368	372	376	380	384	388	392	396	400	404	408	412	416	420	424	428	432	436	440	444	448	452	456	460	464	468	472	476	480	484	488	492	496	500
s60	9296344	451206	139112	65575	37590	24337	16844	12255	9549	7460	6157	4977	4219	3601	3074	2756	2362	2178	1895	1690	1505	1365	1255	1112	1045	1024	875	765	773	734	670	626	625	547	490	484	441	434	397	355	383	349	333	293	263	268	275	270	235	225	212	187	193	190	196	172	174	173	156	133	166	131	146	142	133	117	128	119	111	106	97	105	104	86	92	90	88	89	99	82	64	91	90	82	68	68	73	64	55	50	54	69	54	55	47	49	43	45	40	44	39	39	26	39	46	40	36	37	32	30	34	27	33	35	29	33	42	32	32	20	20	27	36	24	21
	4	8	12	16	20	24	28	32	36	40	44	48	52	56	60	64	68	72	76	80	84	88	92	96	100	104	108	112	116	120	124	128	132	136	140	144	148	152	156	160	164	168	172	176	180	184	188	192	196	200	204	208	212	216	220	224	228	232	236	240	244	248	252	256	260	264	268	272	276	280	284	288	292	296	300	304	308	312	316	320	324	328	332	336	340	344	348	352	356	360	364	368	372	376	380	384	388	392	396	400	404	408	412	416	420	424	428	432	436	440	444	448	452	456	460	464	468	472	476	480	484	488	492	496	500
s61	9603084	535741	175366	84280	49491	32139	22438	16461	12877	10059	8242	6766	5721	4831	4159	3616	3132	2629	2436	2171	2028	1814	1590	1474	1370	1263	1157	1063	948	943	820	789	742	746	680	592	543	548	523	508	471	435	421	385	358	369	329	335	310	271	286	278	255	251	241	244	230	241	204	203	215	187	157	161	158	136	135	145	115	161	153	143	125	130	117	123	98	121	106	127	128	82	79	76	81	65	84	71	92	78	89	60	74	58	68	73	74	54	46	51	46	62	52	44	46	53	48	41	39	41	49	46	40	41	41	45	50	36	30	31	35	28	33	38	23
	4	8	12	16	20	24	28	32	36	40	44	48	52	56	60	64	68	72	76	80	84	88	92	96	100	104	108	112	116	120	124	128	132	136	140	144	148	152	156	160	164	168	172	176	180	184	188	192	196	200	204	208	212	216	220	224	228	232	236	240	244	248	252	256	260	264	268	272	276	280	284	288	292	296	300	304	308	312	316	320	324	328	332	336	340	344	348	352	356	360	364	368	372	376	380	384	388	392	396	400	404	408	412	416	420	424	428	432	436	440	444	448	452	456	460	464	468	472	476	480	484	488	492	496	500
s62	10027030	518339	155908	71911	40136	25562	17508	12566	9521	7405	5867	4805	4041	3345	2794	2369	2051	1917	1565	1474	1304	1192	1034	891	903	795	696	640	648	573	511	522	474	416	416	397	322	310	296	293	253	255	249	218	219	204	177	187	192	152	142	156	140	139	92	138	123	99	107	103	94	98	92	82	87	75	75	74	74	61	68	60	77	48	43	53	47	56	46	45	47	29	39	45	43	45	43	40	36	37	33	41	31	30	37	18	20	29	24	22	27	18	23	28	27	23	22	14	23	19	16	27	25	15	14	10	18	16	17	16	20	13	18	13	21
	4	8	12	16	20	24	28	32	36	40	44	48	52	56	60	64	68	72	76	80	84	88	92	96	100	104	108	112	116	120	124	128	132	136	140	144	148	152	156	160	164	168	172	176	180	184	188	192	196	200	204	208	212	216	220	224	228	232	236	240	244	248	252	256	260	264	268	272	276	280	284	288	292	296	300	304	308	312	316	320	324	328	332	336	340	344	348	352	356	360	364	368	372	376	380	384	388	392	396	400	404	408	412	416	420	424	428	432	436	440	444	448	452	456	461	465	469	473	477	482	486	490	494	498
s63	9537102	499682	155068	72291	41062	26203	17568	12826	9450	7449	5968	4810	3887	3226	2767	2388	1980	1741	1494	1323	1216	1081	894	858	753	683	634	567	518	446	418	404	352	325	315	284	263	236	250	230	221	179	172	165	158	137	160	118	125	112	124	130	104	89	102	80	84	68	82	94	75	70	71	59	51	41	63	41	43	44	54	37	43	32	46	37	26	42	30	36	41	36	28	32	27	28	20	23	26	21	17	10	22	16	17	17	20	18	18	12	14	26	16	23	12	26	11	11	11	13	15	13	8	10	11	10	13	10	11	10	12	7	7	11
	4	8	12	16	20	24	28	32	36	40	44	48	52	56	60	64	68	72	76	80	84	88	92	96	100	104	108	112	116	120	124	128	132	136	140	144	148	152	156	160	164	168	172	176	180	184	188	192	196	200	204	208	212	216	220	224	228	232	236	240	244	248	252	256	260	264	268	272	276	280	284	288	292	296	300	304	308	312	316	320	325	329	333	337	341	345	349	353	357	361	366	371	375	380	385	389	393	399	405	411	415	419	424	430	435	440	447	453	458	464	468	472	485	491	499
s64	13801661	783833	229427	102246	55660	34527	23098	15768	11726	8811	6647	5272	4315	3528	2809	2422	1930	1678	1498	1216	1070	905	828	710	652	560	508	431	388	367	321	302	258	251	223	189	193	183	158	146	146	129	111	113	77	94	73	70	82	62	83	52	60	49	52	55	39	33	43	38	34	32	34	25	30	23	23	23	22	23	22	21	15	18	12	18	26	15	16	15	15	11	15	14	10	11	5	9	8	4	9	7	13	5	6	8	8	5	7	3	6	8	4	3	6	5	5	4	3	6	5	4	6	4	3
	4	8	12	16	20	24	28	32	36	40	44	48	52	56	60	64	68	72	76	80	84	88	92	96	100	104	108	112	116	120	124	128	132	136	140	144	148	152	156	160	164	168	172	176	180	184	188	192	196	200	204	208	212	216	220	224	228	232	236	240	244	248	252	256	260	264	268	272	276	280	284	288	292	296	300	304	309	313	317	321	325	329	333	337	341	345	349	353	357	362	366	372	376	380	385	389	394	399	403	409	417	421	428	432	437	442	448	453	459	463	471	476	481	488	493
s65	14805236	852120	239066	102011	53275	31364	20139	13796	9958	7164	5426	4132	3258	2655	2187	1808	1506	1254	1101	871	780	726	615	527	500	395	363	308	320	255	261	212	203	174	138	155	140	122	110	105	79	91	97	92	86	60	66	58	47	53	54	42	37	32	34	39	26	35	35	34	32	16	20	26	32	21	16	25	18	16	17	18	18	10	24	22	17	24	16	10	13	11	7	8	11	8	12	13	7	7	6	4	9	6	6	6	5	8	6	6	4	5	5	6	4	4	8	6	5	5	6	7	7	4	4
	4	8	12	16	20	24	28	32	36	40	44	48	52	56	60	64	68	72	76	80	84	88	92	96	100	104	108	112	116	120	124	128	132	136	140	144	148	152	156	160	164	168	172	176	180	184	188	192	196	200	204	208	212	216	220	224	228	232	236	240	244	248	252	256	260	264	268	272	276	280	284	288	292	296	300	304	308	312	316	320	324	328	332	336	340	344	348	353	357	361	365	369	373	377	381	386	390	394	398	402	406	411	416	420	426	430	435	440	444	448	453	458	462	468	475	481	487	491	497
s66	15889099	962853	284278	125342	66134	39501	25358	17621	12552	9258	6923	5470	4295	3525	2826	2278	1857	1664	1400	1212	1019	875	794	689	563	556	475	414	395	374	311	259	262	247	196	206	202	170	149	134	131	125	116	119	113	92	105	89	79	92	67	59	56	69	56	49	41	47	42	41	39	53	35	29	32	38	23	33	28	21	23	30	20	25	29	16	15	19	20	17	27	18	17	21	13	13	14	12	13	13	10	9	12	11	9	12	14	11	11	10	10	5	5	11	9	10	8	6	9	3	8	6	8	6	8	3	4	5	8
	4	8	12	16	20	24	28	32	36	40	44	48	52	56	60	64	68	72	76	80	84	88	92	96	100	104	108	112	116	120	124	128	132	136	140	144	148	152	156	160	164	168	172	176	180	184	188	192	196	200	204	208	212	216	220	224	228	232	236	240	244	248	252	256	260	264	268	272	276	280	284	288	292	296	300	304	308	312	316	320	324	328	332	336	340	344	348	352	356	360	364	368	372	376	380	384	388	392	396	400	404	408	412	416	420	424	428	432	436	440	444	448	452	456	461	465	469	473	477	481	485	489	493	497
s67	10447278	498459	142755	63115	34333	21353	14323	10212	7452	5742	4533	3608	2969	2514	2086	1676	1403	1330	1096	982	878	816	681	618	529	503	456	460	361	367	357	290	256	222	213	227	222	206	172	150	194	161	119	130	109	102	107	102	90	90	81	79	78	87	84	54	79	75	61	59	70	51	50	60	46	50	52	41	41	35	27	38	32	26	35	44	29	32	23	27	28	21	21	23	22	31	21	23	28	16	18	27	18	16	16	17	25	14	14	16	16	13	14	12	13	10	11	9	14	10	9	12	9	13	12	14	8	10	19	14	8	5	11	7
	4	8	12	16	20	24	28	32	36	40	44	48	52	56	60	64	68	72	76	80	84	88	92	96	100	104	108	112	116	120	124	128	132	136	140	144	148	152	156	160	164	168	172	176	180	184	188	192	196	200	204	208	212	216	220	224	228	232	236	240	244	248	252	256	260	264	268	272	276	280	284	288	292	296	300	304	308	312	316	320	324	328	332	336	340	344	348	352	356	360	364	368	372	376	380	384	388	393	397	401	406	410	414	418	422	426	430	434	438	442	446	450	454	458	465	470	476	481	487	491	495
s68	13233970	726157	206917	89405	47545	28642	18213	12704	9310	6974	5403	4251	3386	2852	2329	1912	1665	1499	1234	1136	985	776	755	679	595	554	502	385	436	368	358	284	275	245	241	241	248	182	144	183	148	137	124	102	90	121	106	103	94	98	87	62	61	96	69	59	67	57	67	54	44	45	42	55	33	44	41	34	37	39	28	34	33	21	27	25	30	26	24	25	23	17	8	11	23	21	21	24	21	16	10	18	15	21	13	11	17	12	15	13	8	16	14	15	7	9	9	10	10	9	6	8	8	7	6	6	3	7	8	4	7
	4	8	12	16	20	24	28	32	36	40	44	48	52	56	60	64	68	72	76	80	84	88	92	96	100	104	108	112	116	120	124	128	132	136	140	144	148	152	156	160	164	168	172	176	180	184	188	192	196	200	204	208	212	216	220	224	228	232	236	240	244	248	252	256	260	264	268	272	276	280	284	288	292	296	300	304	308	312	316	320	324	328	332	336	340	344	348	352	356	360	364	368	372	376	380	384	388	392	396	400	405	409	413	417	421	425	429	433	438	442	446	450	454	458	462	466	470	474	478	482	486	490	494	498
s69	11401696	582289	171845	77491	43044	26723	18120	12872	9670	7459	5801	4757	3714	3206	2703	2420	2040	1758	1532	1331	1241	1106	989	861	840	680	675	616	588	494	489	421	383	393	367	341	313	299	264	230	252	219	179	166	180	163	159	163	142	117	134	129	100	120	130	120	114	91	100	83	75	71	66	68	63	72	44	58	52	63	58	61	57	65	52	52	42	40	47	50	44	31	35	44	32	45	23	30	31	24	21	21	30	31	26	22	22	26	23	15	26	18	16	15	23	24	18	15	20	15	21	17	10	23	12	19	17	8	18	9	15	13	14	7
	4	8	12	16	20	24	28	32	36	40	44	48	52	56	60	64	68	72	76	80	84	88	92	96	100	104	108	112	116	120	124	128	132	136	140	144	148	152	156	160	164	168	172	176	180	184	188	192	196	200	204	208	212	216	220	224	228	232	236	240	244	248	252	256	260	264	268	272	276	280	284	288	292	296	300	304	308	312	316	320	324	328	332	336	340	344	348	352	356	360	364	368	372	376	380	384	388	392	396	400	404	408	412	416	420	424	428	432	436	440	444	448	452	456	460	464	468	472	476	480	484	488	492	496	500
s70	9543149	468782	139364	63660	35961	23072	15737	11562	8757	6826	5506	4551	3828	3304	2732	2485	2126	1876	1678	1479	1356	1209	1089	1021	928	866	798	688	651	616	584	529	477	438	413	421	365	363	359	348	301	278	269	260	242	209	218	200	197	206	172	169	159	158	159	135	141	138	129	110	115	97	109	101	114	104	84	56	86	79	79	73	78	88	65	83	81	65	54	57	55	55	49	52	48	44	44	47	40	52	50	41	39	35	39	35	42	35	41	31	36	41	31	30	20	35	21	37	22	24	28	28	26	23	21	24	19	23	18	19	26	20	18	17	17
	4	8	12	16	20	24	28	32	36	40	44	48	52	56	60	64	68	72	76	80	84	88	92	96	100	104	108	112	116	120	124	128	132	136	140	144	148	152	156	160	164	168	172	176	180	184	188	192	196	200	204	208	212	216	220	224	228	232	236	240	244	248	252	256	260	264	268	272	276	280	284	288	292	296	300	304	308	312	316	320	324	328	332	336	340	344	348	352	356	360	364	368	372	376	380	384	388	392	396	400	404	408	412	416	420	424	428	432	436	440	444	448	452	456	460	464	468	472	476	480	484	488	492	496	500
s71	10788159	594347	184214	86295	49529	31597	21519	15685	11900	9395	7409	5955	4941	4069	3480	3004	2603	2230	2001	1718	1586	1315	1251	1055	980	934	767	782	739	655	591	584	476	489	455	405	369	370	329	314	314	282	255	233	225	204	209	217	188	190	185	159	157	151	131	132	123	117	101	120	124	105	96	107	96	96	112	82	64	71	68	58	69	74	66	72	55	58	63	59	60	46	58	57	50	45	38	39	37	52	36	53	38	29	33	34	27	20	36	23	36	29	34	31	24	14	26	24	21	16	15	30	18	19	25	29	25	19	25	20	22	20	16	11	19
	4	8	12	16	20	24	28	32	36	40	44	48	52	56	60	64	68	72	76	80	84	88	92	96	100	104	108	112	116	120	124	128	132	136	140	144	148	152	156	160	164	168	172	176	180	184	188	192	196	200	204	208	212	216	220	224	228	232	236	240	244	248	252	256	260	264	268	272	276	280	284	288	292	296	300	304	308	312	316	320	324	328	332	336	340	344	348	352	356	360	364	368	372	376	380	384	388	392	396	400	404	408	412	416	420	424	428	432	436	440	444	449	453	457	461	465	469	473	477	481	485	489	493	497
s72	15232793	944460	287345	129390	71091	43603	29173	20408	14981	11401	8690	6909	5492	4606	3861	3251	2767	2252	2063	1786	1561	1399	1190	1024	934	898	763	719	628	536	560	471	448	391	371	348	280	268	285	244	230	213	206	210	152	179	142	136	138	135	137	101	123	94	104	100	89	91	80	81	67	59	63	60	57	61	47	65	60	54	42	53	43	44	29	34	29	41	38	33	35	21	28	32	23	21	18	22	21	18	22	19	13	19	12	20	21	15	22	20	16	17	17	14	15	9	13	10	10	11	15	13	9	9	10	11	7	9	8	17	12	12	9	9
	4	8	12	16	20	24	28	32	36	40	44	48	52	56	60	64	68	72	76	80	84	88	92	96	100	104	108	112	116	120	124	128	132	136	140	144	148	152	156	160	164	168	172	176	180	184	188	192	196	200	204	208	212	216	220	224	228	232	236	240	244	248	252	256	260	264	268	272	276	280	284	288	292	296	300	304	308	312	316	320	324	328	332	336	340	344	348	352	356	360	364	368	372	376	380	384	388	392	396	400	404	408	412	416	420	424	428	432	436	440	444	448	452	456	460	464	468	472	476	480	484	488	492	496	500
s73	10242338	569711	176385	82251	46563	29549	20493	14499	11047	8245	6595	5417	4531	3720	3149	2601	2267	1930	1706	1548	1326	1195	1097	931	778	746	720	641	591	531	492	458	452	374	322	320	302	301	278	261	248	188	223	197	173	151	144	157	138	151	135	120	137	129	114	97	98	107	100	79	98	79	71	85	68	57	62	54	67	45	50	49	48	47	49	46	46	40	47	33	42	35	36	41	30	38	36	26	35	26	30	16	20	26	22	21	25	19	14	23	21	18	22	15	13	17	22	16	14	17	17	13	11	17	17	12	11	14	11	12	12	14	14	13	13
	4	8	12	16	20	24	28	32	36	40	44	48	52	56	60	64	68	72	76	80	84	88	92	96	100	104	108	112	116	120	124	128	132	136	140	144	148	152	156	160	164	168	172	176	180	184	188	192	196	200	204	208	212	216	220	224	228	232	236	240	244	248	252	256	260	264	268	272	276	280	284	288	292	296	300	304	308	312	316	320	324	328	332	336	340	344	348	352	356	360	364	368	372	376	380	384	388	392	396	400	404	408	412	416	420	424	428	432	436	440	444	448	452	456	460	464	468	472	476	480	484	488	492	496	500
s74	9088655	434892	132989	61620	35004	22498	15706	11273	8827	6854	5653	4463	3792	3195	2819	2364	2077	1850	1714	1490	1378	1186	1092	1004	869	847	749	715	689	593	603	518	500	470	426	404	374	339	342	291	309	292	268	287	267	209	227	210	193	187	190	175	151	156	165	155	125	146	141	110	103	120	127	102	128	93	106	99	89	81	95	72	71	75	69	65	71	72	60	64	54	52	51	58	65	54	56	47	54	43	36	40	48	46	51	39	36	37	32	44	34	28	36	32	29	29	30	28	36	29	24	30	33	29	29	20	21	21	21	24	23	21	21	21	22
	4	8	12	16	20	24	28	32	36	40	44	48	52	56	60	64	68	72	76	80	84	88	92	96	100	104	108	112	116	120	124	128	132	136	140	144	148	152	156	160	164	168	172	176	180	184	188	192	196	200	204	208	212	216	220	224	228	232	236	240	244	248	252	256	260	264	268	272	276	280	284	288	292	297	301	305	309	314	318	322	328	333	338	342	348	354	358	364	368	374	380	385	392	398	404	408	415	421	430	438	451	460	465	473	479	488	495
s75	12142846	649557	179762	76557	40113	23749	15281	10227	7449	5413	4029	3153	2512	2109	1595	1334	1132	886	791	717	584	480	432	388	338	281	258	234	201	167	191	148	138	157	129	100	99	84	65	75	64	57	59	61	57	45	38	30	45	32	30	31	24	21	20	24	20	19	14	21	17	22	15	19	16	13	13	11	8	9	10	10	8	9	7	10	11	8	12	8	7	9	9	4	8	4	8	6	8	7	4	6	6	4	4	5	4	8	6	5	6	3	4	3	3	3	3
	4	8	12	16	20	24	28	32	36	40	44	48	52	56	60	64	68	72	76	80	84	88	92	96	100	104	108	112	116	120	124	128	132	136	140	144	148	152	156	160	164	168	172	176	180	184	188	192	196	200	204	208	212	216	220	224	228	232	236	240	244	248	252	256	260	264	268	272	276	280	284	288	292	297	301	305	309	313	317	321	325	329	333	337	341	345	349	354	359	365	370	375	379	383	387	392	396	403	407	412	418	423	430	436	442	448	455	464	469	473	481	488	493	497
s76	12729216	730964	207503	88167	46395	27643	17719	12022	8421	6277	4797	3629	3002	2312	1925	1622	1343	1120	968	795	732	628	511	487	428	362	312	286	288	217	208	196	186	178	159	135	129	124	107	90	89	77	74	63	53	53	56	59	41	35	37	33	30	39	31	29	31	30	30	21	30	16	20	16	27	21	19	23	11	19	16	20	24	14	9	14	15	6	10	17	5	11	10	16	5	13	10	8	7	10	11	4	6	8	8	5	6	9	8	4	8	7	4	5	5	5	7	6	6	4	6	4	5	5

