Sample	r_processed	r_with_adapters	bp_processed	quality_trimmed	bp_written	percent_trimmed
s01_1	21998928	6751744	1121945328	921567	1110774721	0.9956462869641719
s01_2	21998928	6941708	1121945328	2961931	1108350738	1.211698080175971
s02_1	20503612	6441315	1045684212	869293	1034132673	1.1046871385679868
s02_2	20503612	6568921	1045684212	4136495	1030618384	1.4407626917484722
s03_1	24361259	7524230	1242424209	1005388	1228657684	1.1080374078576893
s03_2	24361259	7709947	1242424209	3320849	1226064746	1.3167373012771035
s04_1	20263886	6334456	1033458186	835503	1020908263	1.2143619519406468
s04_2	20263886	6497299	1033458186	3157527	1018406766	1.4564130609150743
s05_1	16892082	5210238	861496182	837510	852878112	1.0003607885983643
s05_2	16892082	5382501	861496182	7900235	845341306	1.87521156071705
s06_1	19250338	5838771	981767238	820146	972204268	0.9740567448024783
s06_2	19250338	6113984	981767238	3001456	969450128	1.2545855599227074
s07_1	17939163	5602091	914897313	787020	904962921	1.0858477622395204
s07_2	17939163	5705585	914897313	3036511	902548795	1.3497162823124391
s08_1	20672930	6398856	1054319430	860631	1040099795	1.3487027361337731
s08_2	20672930	6602809	1054319430	2758412	1038007111	1.547189450923806
s09_1	19417093	6139563	990271743	808771	979417424	1.0960949937960616
s09_2	19417093	6244346	990271743	3029507	976981663	1.342063942947426
s10_1	17611265	5340010	898174515	816436	884380249	1.535811333947724
s10_2	17611265	5691787	898174515	3014732	881953494	1.805998804141086
s11_1	25047481	7712736	1277421531	1022966	1263302830	1.105249963099299
s11_2	25047481	7891357	1277421531	4652361	1259386260	1.4118496175558826
s12_1	18938134	5921380	965844834	776570	955429949	1.078318652579758
s12_2	18938134	6074259	965844834	3291214	952603115	1.3709985842301455
s13_1	18416032	5612292	939217632	827371	923709090	1.6512192139084545
s13_2	18416032	5800095	939217632	3834879	920729000	1.9685141515741904
s14_1	18676668	5623413	952510068	785281	943427853	0.9535033072217354
s14_2	18676668	5860667	952510068	2538272	941172747	1.1902573401460361
s15_1	15303802	4581831	780493902	606596	772549346	1.017888285820329
s15_2	15303802	4717551	780493902	2064531	770842503	1.236575836821849
s16_1	17693110	5331493	902348610	747507	892398944	1.1026410291694249
s16_2	17693110	5373686	902348610	3019838	890048729	1.3630963536365397
s17_1	19423115	5678907	990578865	761162	981184797	0.9483412509512809
s17_2	19423115	5926583	990578865	2991434	978497308	1.2196461510411893
s18_1	12998838	3886169	662940738	570306	656356592	0.9931726355908452
s18_2	12998838	3963329	662940738	2078352	654688480	1.244795730142624
s19_1	11787646	3503096	601169946	508415	595241449	0.986159910262713
s19_2	11787646	3552321	601169946	1686562	593885866	1.2116507234711298
s20_1	11770140	3453831	600277140	541398	594697007	0.9295927877580012
s20_2	11770140	3547741	600277140	4285151	590751089	1.5869421580838476
s21_1	15086601	4474861	769416651	586257	761849736	0.9834613002156097
s21_2	15086601	4660516	769416651	2226357	759881040	1.2393299505029818
s22_1	16027135	4789869	817383885	640168	809514918	0.9627015095850587
s22_2	16027135	5000123	817383885	2433891	807306940	1.2328289295793982
s23_1	18974551	5544367	967702101	771595	958168329	0.985196992974184
s23_2	18974551	5776471	967702101	2610685	955925037	1.2170133750696486
s24_1	19867049	6064016	1013219499	774547	1001088081	1.1973139099645378
s24_2	19867049	6242901	1013219499	2880343	998738118	1.4292442076265253
s25_1	18440885	5374921	940485135	738843	929750152	1.1414303746544596
s25_2	18440885	5681458	940485135	2671369	927403438	1.3909520217988347
s26_1	22298476	6401390	1137222276	854927	1125651065	1.0174977437744104
s26_2	22298476	7188439	1137222276	4057681	1121055348	1.4216154872435862
s27_1	15004926	4497059	765251226	641072	756398104	1.1568909266928766
s27_2	15004926	4560568	765251226	2829885	754146381	1.4511371720428972
s28_1	20174037	5809201	1028875887	807854	1019289220	0.9317612669447273
s28_2	20174037	6495626	1028875887	3082010	1015726093	1.278073882977491
s29_1	21308371	6511499	1086726921	832939	1074789352	1.0984883846454374
s29_2	21308371	6691342	1086726921	2892661	1072396043	1.318719332618797
s30_1	18775906	5713875	957571206	656212	946543048	1.1516802020465098
s30_2	18775906	5891965	957571206	2538181	944381208	1.3774430473006516
s31_1	19681235	5928099	1003742985	685710	991600935	1.2096771963990365
s31_2	19681235	6148750	1003742985	2795956	989179626	1.4509051836611342
s32_1	18851948	5490440	961449348	806176	951749571	1.0088703081631296
s32_2	18851948	5700592	961449348	8965172	943247866	1.89312957961463
s33_1	20909694	6200248	1066394394	736184	1053967209	1.165346054885581
s33_2	20909694	6401957	1066394394	3094108	1051359671	1.4098651572618826
s34_1	21048121	6125775	1073454171	742665	1062978400	0.9758936415740099
s34_2	21048121	6527540	1073454171	2896921	1060089272	1.2450367571397698
s35_1	18060314	5301690	921076014	687674	911621368	1.0264783640321786
s35_2	18060314	5487694	921076014	2627449	909354373	1.2726030014717113
s36_1	22042069	6666719	1124145519	769004	1112505458	1.0354585597027142
s36_2	22042069	6941966	1124145519	3043191	1109711754	1.2839765631801625
s37_1	22051787	6581161	1124641137	777461	1113280577	1.0101497825612615
s37_2	22051787	6738118	1124641137	3058488	1110706743	1.2390080303455946
s38_1	18375836	5466818	937167636	681842	927419120	1.040210483751703
s38_2	18375836	5637300	937167636	3851821	923928137	1.4127140643170908
s39_1	16082921	4809678	820228971	621605	811346849	1.0828832331015044
s39_2	16082921	4836924	820228971	3053253	808850327	1.3872521457182228
s40_1	18208866	5439395	928652166	680959	918936727	1.0461870822794161
s40_2	18208866	5612404	928652166	2712606	916575080	1.3004961859960815
s41_1	24742442	7473640	1261864542	1042843	1249438059	0.9847715492745813
s41_2	24742442	7784721	1261864542	3377455	1246533492	1.2149521196388446
s42_1	24990397	7391408	1274510247	1009573	1261723653	1.0032554881451652
s42_2	24990397	7655021	1274510247	3377331	1258943980	1.2213528323244622
s43_1	25363547	7704159	1293540897	1041073	1280524234	1.0062815199881538
s43_2	25363547	7896068	1293540897	3953511	1277238069	1.2603256717904914
s44_1	20696210	6263194	1055506710	945055	1045529565	0.945246951580251
s44_2	20696210	6427578	1055506710	9616850	1036469555	1.8036034086415236
s45_1	24487553	7229369	1248865203	987929	1236626964	0.9799487543252496
s45_2	24487553	7556978	1248865203	3565345	1233472669	1.2325216494962268
s46_1	26286758	7860843	1340624658	1102979	1326353390	1.064523758744709
s46_2	26286758	8085309	1340624658	4380195	1322761398	1.332457962294171
s47_1	28961061	8781094	1477014111	1142116	1462104146	1.009466659049407
s47_2	28961061	9069724	1477014111	4169151	1458567296	1.2489261180795856
s48_1	27795898	8354718	1417590798	1091837	1402491524	1.0651362876580976
s48_2	27795898	8654507	1417590798	6137013	1397002398	1.4523514140361964
s49_1	28097887	8319967	1432992237	1108681	1416920475	1.121552621502443
s49_2	28097887	8530966	1432992237	5682024	1412199654	1.4509906238940777
s50_1	28204688	8325659	1438439088	1164194	1423780699	1.019048294938993
s50_2	28204688	8609426	1438439088	4351304	1420184875	1.2690292659789013
s51_1	14934989	4512470	761684439	569845	751532164	1.332871525290541
s51_2	14934989	4628547	761684439	2489982	749654806	1.579346036764708
s52_1	15477407	4646914	789347757	687359	779906976	1.1960230350030627
s52_2	15477407	4685256	789347757	3070475	777568003	1.4923402132375985
s53_1	19383488	5788302	988557888	666245	978509264	1.0164932293777822
s53_2	19383488	5948361	988557888	2577483	976331384	1.2368020273184042
s54_1	16140056	4907261	823142856	883055	815024341	0.9862826289292366
s54_2	16140056	4943108	823142856	15531124	800224308	2.784273450585593
s55_1	19277051	5655926	983129601	681498	973433476	0.9862509469898466
s55_2	19277051	5842512	983129601	2804542	971016738	1.2320718435981668
s56_1	18493224	5531686	943154424	642013	934298808	0.9389359552004815
s56_2	18493224	5759918	943154424	2443299	932043044	1.1781082415831408
s57_1	18995781	5660985	968784831	702304	957337787	1.1815878648909193
s57_2	18995781	5663793	968784831	4064473	954148457	1.5107971895980274
s58_1	18504550	5529743	943732050	693773	933810314	1.0513297709874323
s58_2	18504550	5668593	943732050	2897105	931422662	1.304330821444498
s59_1	23660915	7025998	1206706665	754398	1194997994	0.9702996875383961
s59_2	23660915	7345953	1206706665	2693401	1192475904	1.1793057428749678
s60_1	18766447	5608575	957088797	637323	947014301	1.0526187362738506
s60_2	18766447	5650099	957088797	2471851	945151720	1.2472277428611465
s61_1	21884159	6353675	1116092109	726120	1104151960	1.0698175270406827
s61_2	21884159	6613725	1116092109	4201990	1100364480	1.4091694469636287
s62_1	19566088	5779273	997870488	709326	987150632	1.0742732778364321
s62_2	19566088	6048444	997870488	4154097	983295505	1.4606086837192844
s63_1	17156894	5207861	875001594	674860	857713006	1.9758350291645295
s63_2	17156894	5356926	875001594	4123878	854876660	2.299988267221374
s64_1	23803745	7562298	1213990995	1253720	1201065777	1.0646881281026306
s64_2	23803745	7640747	1213990995	4033299	1198088044	1.3099727317170091
s65_1	24318396	7597812	1240238196	1237415	1227692460	1.0115585893469774
s65_2	24318396	7764840	1240238196	3822483	1224718177	1.251374054601363
s66_1	27520340	8617499	1403537340	1329829	1389487545	1.0010275180851262
s66_2	27520340	8727264	1403537340	4294355	1386233436	1.232878065075205
s67_1	17692153	5435600	902299803	1142290	893394567	0.9869486805152279
s67_2	17692153	5529411	902299803	11692035	882547113	2.189149319807621
s68_1	21743727	6743265	1108930077	1110090	1097693800	1.0132538771423367
s68_2	21743727	6957786	1108930077	4103662	1094287485	1.320425183129017
s69_1	21360868	6485434	1089404268	1169951	1078595678	0.9921560175124997
s69_2	21360868	6738501	1089404268	4232910	1075054916	1.3171742044249086
s70_1	19666768	6009297	1003005168	1084803	992331274	1.0641913262803846
s70_2	19666768	6162788	1003005168	3738634	989444956	1.3519583380651135
s71_1	22805135	6969012	1163061885	1361224	1149355388	1.178483894689748
s71_2	22805135	7075145	1163061885	5537175	1145282081	1.5287066173611217
s72_1	28976042	8852735	1477778142	1465462	1462400539	1.040589420221645
s72_2	28976042	9151200	1477778142	4989920	1458428093	1.309401489306911
s73_1	21213342	6471457	1081880442	1264528	1069503257	1.1440436964660463
s73_2	21213342	6621082	1081880442	5177304	1065524988	1.5117616850309972
s74_1	19609127	5944031	1000065477	1232623	988740272	1.132446350810288
s74_2	19609127	5913751	1000065477	9993621	980176361	1.988781380561545
s75_1	20528840	6496557	1046970840	1193382	1035814055	1.0656251897139752
s75_2	20528840	6563528	1046970840	6039540	1030799225	1.5446098766227339
s76_1	22625264	7114299	1153888464	1453229	1141237408	1.0963846502238712
s76_2	22625264	7231133	1153888464	6618664	1135881684	1.5605303772237038
