Sample	Total	Assigned	Unassigned_Unmapped	Unassigned_MappingQuality	Unassigned_Chimera	Unassigned_FragmentLength	Unassigned_Duplicate	Unassigned_MultiMapping	Unassigned_Secondary	Unassigned_NonSplit	Unassigned_NoFeatures	Unassigned_Overlapping_Length	Unassigned_Ambiguity	percent_assigned
s01	20956051	18474589	0	0	0	0	0	1243636	0	0	1022110	0	215716	88.15873276887902
s02	19162008	16722348	0	0	0	0	0	1202604	0	0	1070927	0	166129	87.2682445388813
s03	23436426	20673916	0	0	0	0	0	1344393	0	0	1170351	0	247766	88.21275052774685
s04	19157727	16813651	0	0	0	0	0	1105885	0	0	1052353	0	185838	87.76433133220867
s05	15770906	13896406	0	0	0	0	0	866188	0	0	876767	0	131545	88.11418950819947
s06	16306615	12404366	0	0	0	0	0	3071827	0	0	655385	0	175037	76.0695337444344
s07	16825020	14566746	0	0	0	0	0	1032435	0	0	1054739	0	171100	86.57788222540003
s08	19013285	16121939	0	0	0	0	0	1784287	0	0	901214	0	205845	84.79302235252877
s09	18099543	15418409	0	0	0	0	0	1333671	0	0	1146383	0	201080	85.18673095779269
s10	12849898	6996589	0	0	0	0	0	5254329	0	0	471282	0	127698	54.44859562309367
s11	24201501	21281477	0	0	0	0	0	1340150	0	0	1332256	0	247618	87.93453348203485
s12	18111389	15703556	0	0	0	0	0	1188005	0	0	1064856	0	154972	86.7054205505718
s13	17197107	14971030	0	0	0	0	0	1186446	0	0	809508	0	230123	87.05551462812903
s14	16732705	14862532	0	0	0	0	0	1057354	0	0	653311	0	159508	88.82324764585283
s15	13782701	12157877	0	0	0	0	0	926530	0	0	576028	0	122266	88.2111351033444
s16	15665619	13476289	0	0	0	0	0	1426330	0	0	609686	0	153314	86.02461862502848
s17	17533433	15390790	0	0	0	0	0	1389228	0	0	602828	0	150587	87.77967212695881
s18	11276564	9694577	0	0	0	0	0	976997	0	0	516117	0	88873	85.9710191863408
s19	10198927	8564026	0	0	0	0	0	1218033	0	0	308580	0	108288	83.96987251698145
s20	10316981	8865490	0	0	0	0	0	942231	0	0	425164	0	84096	85.93104901521095
s21	13617836	12059162	0	0	0	0	0	953720	0	0	488060	0	116894	88.55417263065878
s22	14440938	12632964	0	0	0	0	0	1133109	0	0	544695	0	130170	87.48021769777004
s23	17170620	15156886	0	0	0	0	0	1330104	0	0	515388	0	168242	88.27221148683041
s24	17728568	15283860	0	0	0	0	0	1511005	0	0	759699	0	174004	86.21034705115494
s25	16126675	12754743	0	0	0	0	0	2700970	0	0	529591	0	141371	79.09096574464358
s26	18261205	9948022	0	0	0	0	0	7656547	0	0	525502	0	131134	54.47626265627049
s27	13079167	11049902	0	0	0	0	0	1393875	0	0	522961	0	112429	84.48475350150358
s28	16302233	9761972	0	0	0	0	0	6031651	0	0	394470	0	114140	59.88119541660336
s29	18472599	16415293	0	0	0	0	0	956927	0	0	932369	0	168010	88.86293152360423
s30	16203215	14213680	0	0	0	0	0	1080621	0	0	765085	0	143829	87.7213565332559
s31	17129181	15159832	0	0	0	0	0	1123935	0	0	679593	0	165821	88.50295878127507
s32	16038742	13858854	0	0	0	0	0	1185377	0	0	859493	0	135018	86.40860985231885
s33	18536055	16653233	0	0	0	0	0	1042905	0	0	652652	0	187265	89.84238016125869
s34	17887996	13034833	0	0	0	0	0	3996627	0	0	720112	0	136424	72.86916320866797
s35	15545291	13658508	0	0	0	0	0	1115205	0	0	604368	0	167210	87.86267172483294
s36	19461732	17360486	0	0	0	0	0	1030456	0	0	892425	0	178365	89.20319116510288
s37	19299726	17227494	0	0	0	0	0	1011664	0	0	873105	0	187463	89.26289419860157
s38	16071803	14526509	0	0	0	0	0	733339	0	0	648606	0	163349	90.38506134003758
s39	13753503	11856795	0	0	0	0	0	981920	0	0	770615	0	144173	86.2092733756629
s40	15961448	14372316	0	0	0	0	0	846648	0	0	589480	0	153004	90.043935863463
s41	21880058	19433287	0	0	0	0	0	1217317	0	0	1047090	0	182364	88.81734682787405
s42	22357971	19953731	0	0	0	0	0	1304111	0	0	917571	0	182558	89.24660918470643
s43	21794787	19194044	0	0	0	0	0	1338125	0	0	1097836	0	164782	88.06713275059765
s44	17709375	15563768	0	0	0	0	0	1000609	0	0	1000792	0	144206	87.88434374448562
s45	21878157	19307104	0	0	0	0	0	1593746	0	0	773798	0	203509	88.2483108609194
s46	23064558	20531489	0	0	0	0	0	1300411	0	0	1010261	0	222397	89.01748301441546
s47	25459583	22451821	0	0	0	0	0	1436636	0	0	1350767	0	220359	88.18613014989288
s48	24564072	21679132	0	0	0	0	0	1646868	0	0	993093	0	244979	88.25544885229127
s49	24952308	21024739	0	0	0	0	0	2403835	0	0	1325668	0	198066	84.2596965378914
s50	25058303	22241531	0	0	0	0	0	1568329	0	0	1021321	0	227122	88.75912706459013
s51	13680647	12096435	0	0	0	0	0	844377	0	0	608583	0	131252	88.42005060140797
s52	13575057	11395333	0	0	0	0	0	1352030	0	0	714700	0	112994	83.9431687100835
s53	18188852	16000666	0	0	0	0	0	1223400	0	0	790521	0	174265	87.96963106852483
s54	13692092	12002501	0	0	0	0	0	816885	0	0	748781	0	123925	87.66009606128851
s55	17776594	15946835	0	0	0	0	0	972364	0	0	682058	0	175337	89.70692023455112
s56	17253608	15094961	0	0	0	0	0	1080051	0	0	915594	0	163002	87.48872119964706
s57	17487181	14990085	0	0	0	0	0	1470888	0	0	881115	0	145093	85.72042000365869
s58	17020900	14717792	0	0	0	0	0	1376073	0	0	771603	0	155432	86.4689411253224
s59	22635700	19649402	0	0	0	0	0	1865344	0	0	911031	0	209923	86.8071320966438
s60	17691217	14943355	0	0	0	0	0	1555483	0	0	1051453	0	140926	84.46764855125569
s61	20779482	18296027	0	0	0	0	0	1573211	0	0	712212	0	198032	88.04852305750451
s62	17839534	15017810	0	0	0	0	0	1859667	0	0	796323	0	165734	84.18274827133936
s63	15941192	14193989	0	0	0	0	0	878508	0	0	727123	0	141572	89.03969665505565
s64	21174785	18865066	0	0	0	0	0	1169517	0	0	937406	0	202796	89.09212537459058
s65	21595963	19204802	0	0	0	0	0	1175042	0	0	1032520	0	183599	88.92774080044498
s66	24626934	21761387	0	0	0	0	0	1378118	0	0	1292692	0	194737	88.3641747689745
s67	15547852	13784124	0	0	0	0	0	983227	0	0	643918	0	136583	88.65613076327199
s68	19774270	17474806	0	0	0	0	0	1125717	0	0	991338	0	182409	88.37143419200811
s69	19048543	16161391	0	0	0	0	0	1862330	0	0	853018	0	171804	84.84318721909597
s70	17416476	14550782	0	0	0	0	0	1771349	0	0	953221	0	141124	83.54607441826923
s71	19540471	17418783	0	0	0	0	0	1099540	0	0	830892	0	191256	89.14208362735985
s72	25744188	22599079	0	0	0	0	0	1450649	0	0	1458735	0	235725	87.7832270336124
s73	17937157	15831993	0	0	0	0	0	1108077	0	0	821421	0	175666	88.2636696551187
s74	16428224	14120639	0	0	0	0	0	1345249	0	0	822086	0	140250	85.95353338254945
s75	17065358	15056428	0	0	0	0	0	1108626	0	0	748699	0	151605	88.22802310974079
s76	18814026	16618141	0	0	0	0	0	1191497	0	0	838340	0	166048	88.3284683459032
