Sample	paired_total	paired_aligned_none	paired_aligned_one	paired_aligned_multi	paired_aligned_discord_one	unpaired_total	unpaired_aligned_none	unpaired_aligned_one	unpaired_aligned_multi	overall_alignment_rate
s01	21956113	1000062	19712415	1243636	0	2000124	2000124	0	0	95.45
s02	20423425	1261417	17959404	1202604	0	2522834	2522834	0	0	93.82
s03	24287054	850628	22092033	1344393	0	1701256	1701256	0	0	96.5
s04	20176309	1018582	18051842	1105885	0	2037164	2037164	0	0	94.95
s05	16771929	1001023	14904718	866188	0	2002046	2002046	0	0	94.03
s06	19205241	2898626	13234788	3071827	0	5797252	5797252	0	0	84.91
s07	17884282	1059262	15792585	1032435	0	2118524	2118524	0	0	94.08
s08	20561851	1548566	17228998	1784287	0	3097132	3097132	0	0	92.47
s09	19358419	1258876	16765872	1333671	0	2517752	2517752	0	0	93.5
s10	17466651	4616753	7595569	5254329	0	9233506	9233506	0	0	73.57
s11	24952173	750672	22861351	1340150	0	1501344	1501344	0	0	96.99
s12	18873018	761629	16923384	1188005	0	1523258	1523258	0	0	95.96
s13	18237775	1040668	16010661	1186446	0	2081336	2081336	0	0	94.29
s14	18645069	1912364	15675351	1057354	0	3824728	3824728	0	0	89.74
s15	15267116	1484415	12856171	926530	0	2968830	2968830	0	0	90.28
s16	17625824	1960205	14239289	1426330	0	3920410	3920410	0	0	88.88
s17	19381142	1847709	16144205	1389228	0	3695418	3695418	0	0	90.47
s18	12967443	1690879	10299567	976997	0	3381758	3381758	0	0	86.96
s19	11761075	1562148	8980894	1218033	0	3124296	3124296	0	0	86.72
s20	11710168	1393187	9374750	942231	0	2786374	2786374	0	0	88.1
s21	15051203	1433367	12664116	953720	0	2866734	2866734	0	0	90.48
s22	15995887	1554949	13307829	1133109	0	3109898	3109898	0	0	90.28
s23	18932858	1762238	15840516	1330104	0	3524476	3524476	0	0	90.69
s24	19784435	2055867	16217563	1511005	0	4111734	4111734	0	0	89.61
s25	18367704	2241029	13425705	2700970	0	4482058	4482058	0	0	87.8
s26	22216690	3955485	10604658	7656547	0	7910970	7910970	0	0	82.2
s27	14935706	1856539	11685292	1393875	0	3713078	3713078	0	0	87.57
s28	20127391	3825158	10270582	6031651	0	7650316	7650316	0	0	81.0
s29	21241521	2768922	17515672	956927	0	5537844	5537844	0	0	86.96
s30	18704343	2501128	15122594	1080621	0	5002256	5002256	0	0	86.63
s31	19591646	2462465	16005246	1123935	0	4924930	4924930	0	0	87.43
s32	18714359	2675617	14853365	1185377	0	5351234	5351234	0	0	85.7
s33	20820253	2284198	17493150	1042905	0	4568396	4568396	0	0	89.03
s34	20999685	3111689	13891369	3996627	0	6223378	6223378	0	0	85.18
s35	18009338	2464047	14430086	1115205	0	4928094	4928094	0	0	86.32
s36	21983050	2521318	18431276	1030456	0	5042636	5042636	0	0	88.53
s37	21996360	2696634	18288062	1011664	0	5393268	5393268	0	0	87.74
s38	18304367	2232564	15338464	733339	0	4465128	4465128	0	0	87.8
s39	16016483	2262980	12771583	981920	0	4525960	4525960	0	0	85.87
s40	18152841	2191393	15114800	846648	0	4382786	4382786	0	0	87.93
s41	24694116	2814058	20662741	1217317	0	5628116	5628116	0	0	88.6
s42	24933618	2575647	21053860	1304111	0	5151294	5151294	0	0	89.67
s43	25302776	3507989	20456662	1338125	0	7015978	7015978	0	0	86.14
s44	20555006	2845631	16708766	1000609	0	5691262	5691262	0	0	86.16
s45	24434444	2556287	20284411	1593746	0	5112574	5112574	0	0	89.54
s46	26203266	3138708	21764147	1300411	0	6277416	6277416	0	0	88.02
s47	28895526	3435943	24022947	1436636	0	6871886	6871886	0	0	88.11
s48	27681361	3117289	22917204	1646868	0	6234578	6234578	0	0	88.74
s49	27965955	3013647	22548473	2403835	0	6027294	6027294	0	0	89.22
s50	28127292	3068989	23489974	1568329	0	6137978	6137978	0	0	89.09
s51	14841328	1160681	12836270	844377	0	2321362	2321362	0	0	92.18
s52	15393942	1818885	12223027	1352030	0	3637770	3637770	0	0	88.18
s53	19330256	1141404	16965452	1223400	0	2282808	2282808	0	0	94.1
s54	15887207	2195115	12875207	816885	0	4390230	4390230	0	0	86.18
s55	19223010	1446416	16804230	972364	0	2892832	2892832	0	0	92.48
s56	18459092	1205484	16173557	1080051	0	2410968	2410968	0	0	93.47
s57	18887441	1400260	16016293	1470888	0	2800520	2800520	0	0	92.59
s58	18441948	1421048	15644827	1376073	0	2842096	2842096	0	0	92.29
s59	23613641	977941	20770356	1865344	0	1955882	1955882	0	0	95.86
s60	18710191	1018974	16135734	1555483	0	2037948	2037948	0	0	94.55
s61	21787019	1007537	19206271	1573211	0	2015074	2015074	0	0	95.38
s62	19472128	1632594	15979867	1859667	0	3265188	3265188	0	0	91.62
s63	16921690	980498	15062684	878508	0	1960996	1960996	0	0	94.21
s64	23739764	2564979	20005268	1169517	0	5129958	5129958	0	0	89.2
s65	24266774	2670811	20420921	1175042	0	5341622	5341622	0	0	88.99
s66	27465186	2838252	23248816	1378118	0	5676504	5676504	0	0	89.67
s67	17506884	1959032	14564625	983227	0	3918064	3918064	0	0	88.81
s68	21684505	1910235	18648553	1125717	0	3820470	3820470	0	0	91.19
s69	21308043	2259500	17186213	1862330	0	4519000	4519000	0	0	89.4
s70	19603262	2186786	15645127	1771349	0	4373572	4373572	0	0	88.84
s71	22689297	3148826	18440931	1099540	0	6297652	6297652	0	0	86.12
s72	28897409	3153221	24293539	1450649	0	6306442	6306442	0	0	89.09
s73	21110940	3173783	16829080	1108077	0	6347566	6347566	0	0	84.97
s74	19427667	2999443	15082975	1345249	0	5998886	5998886	0	0	84.56
s75	20429639	3364281	15956732	1108626	0	6728562	6728562	0	0	83.53
s76	22511671	3697645	17622529	1191497	0	7395290	7395290	0	0	83.57
